   0.01218   -0.28568   -0.36463   -0.23986   -0.45394    0.67218   -0.40369
   0.79922   -0.58665   -0.57377   -0.51175   -0.79466   -0.26627   -0.19969
   0.12561   -0.16673   -0.21193   -0.09428   -0.32349    0.14344   -0.34176
  -0.01011    0.22966    0.19584    0.24532    0.11610    0.69105   -0.72941
  -0.35386   -0.09766   -0.16431   -0.04362   -0.26730    0.52197   -0.59926
   0.16369   -0.01378   -0.01731    0.02615   -0.13677   -0.11992   -0.58295
   0.31990    0.04905    0.06175    0.10113   -0.06666    0.34870   -0.64488
   0.23747   -0.22821   -0.22482   -0.15143   -0.40552    0.13601   -0.35511
   0.07209   -0.18831   -0.29619   -0.13067   -0.38838    0.42720   -0.65693
   0.07609    0.03406    0.00122    0.06586   -0.11530    0.14576   -0.61435
   0.79085   -0.37572   -0.36904   -0.31073   -0.51115   -0.29993   -0.28690
  -0.21072   -0.05293   -0.15533    0.01150   -0.22264    0.37351   -0.89205
  -0.04948   -0.16307   -0.15886   -0.09334   -0.29754   -0.04654   -0.46750
  -0.46539    0.01443   -0.05475    0.04652   -0.13621    0.43779   -1.03039
   0.02390   -0.16989   -0.26231   -0.09928   -0.37114    0.36614   -0.56257
   0.71856   -0.32591   -0.31336   -0.25367   -0.49228   -0.23183   -0.24025
  -0.40496   -0.10463   -0.17826   -0.04216   -0.28918    0.45050   -0.58482
   0.54275    0.14936    0.14873    0.20488    0.01441    0.74042   -0.53602
   0.23334    0.04439    0.05036    0.11009   -0.06479    0.39801   -0.59003
   0.16369   -0.37991   -0.35273   -0.30466   -0.53526   -0.18463   -0.36777
  -0.21415   -0.00348   -0.05960    0.06600   -0.15770    0.28528   -0.63667
   0.33942    0.18726    0.17662    0.25974    0.07036    0.61624   -0.73626
  -0.32013   -0.23217   -0.27919   -0.15776   -0.37706   -0.13457   -0.50458
  -0.72770   -0.63905   -0.65649   -0.57904   -0.77255   -0.09352   -0.39367
   0.31793   -0.01063   -0.00286    0.06347   -0.11659    0.38799   -0.48990
   0.80079   -0.45077   -0.41449   -0.38364   -0.63150   -0.49185   -0.31416
  -0.76028    0.43511    0.42035    0.48927    0.34355    0.50229   -0.78954
   0.17354   -0.02016   -0.03768    0.04375   -0.12916    0.70070   -0.71028
   0.73300   -0.21526   -0.22864   -0.15311   -0.41861    0.25231   -0.28976
   0.06731    0.07574    0.10444    0.14533   -0.00904   -0.03229   -0.53888
   0.17946   -0.21778   -0.23804   -0.16037   -0.39925    0.57764   -0.46968
  -0.26822    0.05783   -0.01213    0.07156   -0.12406    0.17795   -0.68079
   0.64273   -0.25003   -0.25812   -0.18820   -0.41086    0.13842   -0.39437
   0.06051   -0.13273   -0.21670   -0.07524   -0.32696    0.42230   -0.71159
   0.38458    0.71448    0.71507    0.75446    0.68477    0.50372   -0.59110
  -0.13077    0.06456    0.01528    0.13029   -0.07079    0.39922   -0.78565
  -0.22117   -0.21939   -0.29654   -0.15189   -0.38425    0.43869   -0.75648
   0.44462    0.29514    0.30623    0.35403    0.21420    0.40606   -0.53983
  -0.26920    0.00155   -0.08659    0.04685   -0.14063    0.43032   -1.05252
  -0.01989   -0.12700   -0.16459   -0.07340   -0.27304    0.32985   -0.75217
  -0.30551    0.04686   -0.00582    0.10364   -0.06621    0.39411   -0.94932
  -0.28342   -0.25021   -0.26131   -0.17213   -0.37021   -0.09788   -0.44783
   0.16292    0.03707    0.02799    0.11589   -0.08269    0.34889   -0.46972
   0.03224   -0.25273   -0.31509   -0.17591   -0.45219    0.17481   -0.44567
   0.53985   -0.10662   -0.06656   -0.03301   -0.21532    0.02713   -0.43111
   0.13979   -0.15628   -0.17138   -0.07770   -0.31849    0.11785   -0.39789
  -0.31707   -0.01763   -0.04614    0.05167   -0.13129   -0.06121   -0.71422
  -0.34831    0.00562   -0.04827    0.08075   -0.15384    0.32502   -0.62314
   0.40877    0.04376    0.05369    0.11392   -0.09614    0.71069   -0.58888
  -0.10357    0.16398    0.10817    0.22834    0.03818    0.50210   -0.71019
   0.16417   -0.20279   -0.17867   -0.12175   -0.32128   -0.10054   -0.41258
   0.14430   -0.26225   -0.23586   -0.19081   -0.41990   -0.02556   -0.48985
  -0.13804    0.46633    0.45235    0.50041    0.40281   -0.80555   -0.82486
   0.51308   -0.12145   -0.10831   -0.04787   -0.25388    0.12727   -0.34972
   0.56266    0.12100    0.07526    0.12176   -0.02809    0.39144   -0.67537
  -0.55273   -0.19090   -0.22171   -0.13491   -0.37995    0.42471   -0.54785
  -0.60007    0.38763    0.37897    0.44296    0.32578    0.06287   -0.75350
   0.00672    0.25733    0.25286    0.27881    0.16728    0.69333   -0.83427
   0.05322   -0.19017   -0.18828   -0.14019   -0.34951   -0.36977   -0.47142
   0.08600   -0.39748   -0.37697   -0.33291   -0.52224   -0.19049   -0.48728
   0.21057    0.24349    0.23989    0.28854    0.17333    0.65430   -0.72164
  -0.10059    0.06455    0.02925    0.13368   -0.07799    0.43798   -0.72182
  -0.60421    0.04348    0.04197    0.10747   -0.05653   -0.08349   -0.65597
   0.52360    0.14236    0.15727    0.20262    0.04593   -0.99514   -0.48675
  -0.47679   -0.13435   -0.19856   -0.09235   -0.29095   -0.27421   -0.77000
  -0.47040   -0.21406   -0.29070   -0.14858   -0.39524    0.06145   -0.71126
  -0.22990    0.07311    0.06800    0.14031   -0.04149   -0.04828   -0.65726
   0.39741   -0.00028    0.03744    0.06956   -0.08835    0.06648   -0.46844
   0.02908   -0.11803   -0.12143   -0.07484   -0.29453   -0.28694   -0.37202
   0.25048   -0.36098   -0.35895   -0.32508   -0.47715   -0.74555   -0.66720
   0.01993    0.07585    0.03745    0.14382   -0.03781    0.59444   -0.76543
   0.08392    0.04798    0.01418    0.12747   -0.06797    0.36118   -0.76767
  -0.63473    0.62444    0.60713    0.65700    0.55093   -0.09184   -0.77896
   0.15118   -0.12114   -0.14286   -0.05056   -0.23952    0.16799   -0.44885
   0.19001   -0.11947   -0.08731   -0.03832   -0.24013    0.01901   -0.53203
   0.65409   -0.27942   -0.29079   -0.21894   -0.46729    0.85480   -0.62553
  -0.42937   -0.38347   -0.39672   -0.31366   -0.53560   -0.16287   -0.45269
   0.01782   -0.02647   -0.04278   -0.05790   -0.16738    0.66050   -1.11183
  -0.83449    0.16081    0.18751    0.23600    0.07593    0.54832   -0.52168
   0.39703    0.19969    0.20674    0.26054    0.08750    0.55854   -0.71348
   0.16066   -0.09867   -0.12739   -0.03513   -0.23532    0.22903   -0.46341
   0.84834   -0.59407   -0.58951   -0.53441   -0.70236   -0.26306   -0.09544
  -0.26988   -0.10490   -0.16743   -0.04582   -0.27581    0.27635   -0.62552
  -0.48733    0.26841    0.24026    0.30979    0.16003    0.11953   -0.69215
  -0.41168   -0.19434   -0.26325   -0.14040   -0.39260    0.09145   -0.34298
   0.66199   -0.00065    0.00256    0.06935   -0.11378    0.05824   -0.38668
  -0.10383    0.00663   -0.03119    0.07231   -0.15909    0.15379   -0.65993
   0.43125   -0.15811   -0.13707   -0.10308   -0.29602   -0.29797   -0.48088
  -0.05812    0.00583    0.00589    0.09855   -0.15506    0.12646   -0.34685
  -0.42012   -0.01875   -0.06685    0.04825   -0.16883   -0.04281   -0.73763
   0.24325    0.26975    0.27953    0.33773    0.20978    0.24580   -0.54665
   0.25790   -0.16477   -0.14455   -0.10285   -0.26880    0.21619   -0.40342
   0.31006   -0.11245   -0.09410   -0.04706   -0.23948   -0.00762   -0.52494
   0.93344    0.43787    0.46832    0.50211    0.40048   -0.91112   -0.55937
   0.40157   -0.08384   -0.06987   -0.03529   -0.21566   -0.99036   -0.62113
   0.41121    0.55767    0.59851    0.61973    0.57561    0.27672   -0.48708
   0.47764   -0.05297   -0.04707    0.01209   -0.19383    0.66461   -0.61077
   0.14674   -0.10731   -0.15022   -0.04569   -0.28974    0.51436   -0.65051
   0.22160   -0.04490   -0.00499   -0.00822   -0.13551   -0.42307   -0.54934
   0.33216    0.26035    0.23501    0.24870    0.12438    0.63940   -0.72988
   0.38908    0.05857    0.09695    0.11624   -0.05760   -0.94006   -0.54078
   0.08971   -0.09457   -0.09763   -0.05280   -0.20336    0.39488   -0.63126
   0.14121   -0.11426   -0.09131   -0.03353   -0.24573    0.00681   -0.55136
   0.51505    0.09880    0.12133    0.16181    0.00398    0.09392   -0.45456
   0.68788   -0.13074   -0.08643   -0.05781   -0.25083    0.34935   -0.23260
   0.14032   -0.14933   -0.18824   -0.08216   -0.29699    0.39940   -0.76930
   0.15656    0.38552    0.37861    0.45301    0.31695    0.21235   -0.57333
   0.49244    0.30200    0.32365    0.35012    0.22468    0.77195   -0.45837
   0.34208    0.49374    0.47333    0.49156    0.42912    0.76370   -0.71396
   0.18997    0.01845    0.00794    0.09530   -0.09698    0.22755   -0.39963
   0.34377    0.03545    0.06605    0.09636   -0.04195   -0.17045   -0.55696
  -0.49003   -0.26367   -0.33153   -0.21503   -0.46145    0.39529   -0.84409
   0.23099    0.05002    0.05749    0.09467   -0.04794    0.20211   -0.47780
   0.23683   -0.25355   -0.23007   -0.18326   -0.41085   -0.14055   -0.37361
   0.63425    0.24451    0.22418    0.28092    0.10505    0.73638   -0.71479
  -0.38284   -0.17745   -0.24031   -0.13820   -0.34233    0.44467   -0.80821
   0.31696   -0.21665   -0.20017   -0.14408   -0.38961    0.04337   -0.38718
   0.25216    0.18591    0.17973    0.25138    0.07321    0.49357   -0.58079
   0.38759   -0.71945   -0.66679   -0.69256   -0.89567   -0.20404   -0.16705
   0.35526   -0.27432   -0.23389   -0.20398   -0.42843   -0.05830   -0.42703
  -0.09597   -0.01573   -0.00883    0.05799   -0.10469   -0.19221   -0.58068
  -0.07049    0.09872    0.03579    0.13123   -0.05362    0.36820   -0.89065
  -0.47835   -0.55147   -0.54849   -0.49111   -0.69191   -0.17875   -0.36070
   0.17247    0.00486   -0.02157    0.06883   -0.14821    0.46974   -0.68725
  -0.68527    0.13620    0.12854    0.23291   -0.01059    0.47346   -0.59506
   0.69148    0.10798    0.12196    0.18880    0.01743    0.06895   -0.33818
   0.22169   -0.11369   -0.09120   -0.04054   -0.23727    0.05362   -0.47435
  -0.87145    0.55389    0.57555    0.62738    0.51862    0.54691   -0.58450
  -0.02366   -0.31453   -0.40442   -0.31238   -0.44756    0.64936   -0.63719
   0.34152   -0.09279   -0.09625   -0.05547   -0.23124    0.68025   -0.70764
   0.59296    0.15523    0.17588    0.19576    0.05449   -0.24373   -0.55741
   0.62733   -0.02624   -0.03377    0.02138   -0.15836    0.00281   -0.32795
   0.30445    0.14925    0.15360    0.21028    0.05009    0.45070   -0.61977
  -0.53243    0.22485    0.16274    0.18970    0.08819   -0.01344   -0.89899
   0.71384   -0.01109    0.00680    0.05375   -0.11836    0.07601   -0.35887
   0.02169    0.68403    0.70960    0.71234    0.68780   -0.91015   -0.67506
  -0.39004    0.12260    0.10029    0.17983    0.01914   -0.03084   -0.74065
   0.39354   -0.04609   -0.07924    0.02746   -0.17137    0.37067   -0.85633
   0.19610    0.59634    0.53655    0.58037    0.49846    0.68207   -0.77520
   0.27409    0.27115    0.25720    0.31628    0.17446    0.37166   -0.57903
  -0.03065   -0.03860   -0.05796   -0.03313   -0.15694   -0.88888   -0.78873
   0.25174   -0.20917   -0.20808   -0.13333   -0.36321    0.06830   -0.48474
   0.61216   -0.00272   -0.01163    0.06335   -0.12789    0.04235   -0.36932
   0.04084   -0.06390   -0.15388    0.01246   -0.24767    0.33819   -0.58732
   0.39349    0.30056    0.32059    0.35227    0.25585    0.18713   -0.48802
  -0.07726    0.19416    0.17618    0.18182    0.08155    0.59350   -0.76073
   0.15706    0.42303    0.44932    0.45132    0.35277   -0.30382   -0.74436
   0.12962    0.42496    0.45965    0.47059    0.37372   -0.95404   -0.56327
   0.93521   -0.11748   -0.11267   -0.05417   -0.25239   -0.00408   -0.37415
  -0.06930    0.00220   -0.04328    0.07580   -0.12670    0.30231   -0.69620
   0.16384   -0.22054   -0.28836   -0.18425   -0.43219    0.53217   -0.55493
   0.56347   -0.05965   -0.05420    0.02029   -0.20062    0.33166   -0.44188
   0.92285    0.14996    0.14435    0.13466    0.04021   -0.05419   -0.65947
  -0.26867    0.54453    0.54006    0.53704    0.49278    0.40455   -0.80426
   0.46358    0.28049    0.29059    0.33419    0.21533    0.12762   -0.44014
   0.02143   -0.02535   -0.00474    0.04921   -0.12856   -0.05494   -0.53999
   0.39484    0.05021    0.07108    0.09859    0.01105   -0.45829   -0.82138
  -0.53673    0.01079   -0.00359    0.08077   -0.09762    0.49991   -0.71727
  -0.03114   -0.14474   -0.13696   -0.08903   -0.29645   -0.30796   -0.59786
  -0.60200   -0.04375   -0.10744   -0.01101   -0.21290   -0.05983   -0.96650
   0.74776   -0.09121   -0.07881   -0.01778   -0.26655    0.94048   -0.37761
   0.05187   -0.24316   -0.34181   -0.18635   -0.46772    0.43102   -0.67482
   0.65654   -0.30835   -0.31773   -0.23250   -0.52121   -0.02647   -0.30511
   0.22242   -0.13393   -0.13239   -0.06499   -0.29211    0.49697   -0.60607
  -0.29552    0.11295    0.08202    0.13797   -0.02737    0.26406   -0.86685
   0.12627   -0.49696   -0.46195   -0.43309   -0.64312   -0.20786   -0.31836
  -0.22087    0.51439    0.53698    0.55099    0.48179   -0.82043   -0.64718
  -0.11757   -0.13469   -0.15245   -0.04869   -0.32890    0.12013   -0.44259
  -0.02461    0.00468   -0.06673    0.04677   -0.15716    0.62009   -0.87073
  -0.12110    0.10768    0.14154    0.18149    0.03889   -0.07280   -0.58557
  -0.41597   -0.08363   -0.14290   -0.07514   -0.29862    0.48956   -0.95650
   0.22393    0.19190    0.17884    0.24394    0.06394    0.60863   -0.65171
   0.74084   -0.45662   -0.46329   -0.37673   -0.70542   -0.14581   -0.08445
  -0.22012    0.14580    0.10455    0.21172    0.00384    0.33935   -0.85199
  -0.53702    0.37374    0.37106    0.42226    0.27394    0.30333   -0.63044
  -0.52651   -0.34526   -0.38184   -0.30607   -0.46688   -0.19387   -0.70744
  -0.47586   -0.41020   -0.43769   -0.34830   -0.58123   -0.13932   -0.39862
   0.24892    0.24561    0.23132    0.30329    0.14940    0.64275   -0.79649
   0.44565   -0.18245   -0.14965   -0.10906   -0.28874   -0.52217   -0.46955
   0.59108   -0.08510   -0.08403   -0.00257   -0.24300    0.37408   -0.45842
  -0.24412    0.01507   -0.05160    0.05613   -0.16201    0.58488   -0.93957
   0.18730    0.61280    0.60569    0.64216    0.57500    0.40192   -0.56376
  -0.31997   -0.31383   -0.36708   -0.26433   -0.44872   -0.19004   -0.64371
  -0.08112   -0.11746   -0.17751   -0.04324   -0.30422    0.48590   -0.54210
   0.45585   -0.08457   -0.05296   -0.02412   -0.19576    0.07809   -0.44894
   0.67679   -0.17778   -0.18060   -0.10780   -0.33838   -0.00902   -0.26641
  -0.01885   -0.09298   -0.08319   -0.02991   -0.19944   -0.19652   -0.55427
   0.53985   -0.09138   -0.08689   -0.03128   -0.23968    0.19404   -0.37210
   0.35100    0.22129    0.20883    0.26384    0.13422    0.28461   -0.55441
  -0.07562   -0.12343   -0.17044   -0.06311   -0.32232    0.49441   -0.69940
  -0.19582   -0.07545   -0.13074   -0.04749   -0.25049    0.21123   -0.61503
  -0.31096    0.28282    0.24873    0.30119    0.15524    0.29658   -0.90091
   0.03261   -0.13949   -0.24248   -0.07399   -0.35963    0.40991   -0.65640
  -0.04282    0.18640    0.17967    0.25349    0.09965    0.33428   -0.78452
  -0.45630   -0.15095   -0.21101   -0.06857   -0.33751    0.21535   -0.36887
   0.53420   -0.19989   -0.18961   -0.12474   -0.37730   -0.04349   -0.30287
   0.52358   -0.42685   -0.42771   -0.39053   -0.65018   -0.20276   -0.37375
   0.08574    0.07648    0.04875    0.16037   -0.04596    0.24714   -0.46970
   0.27272    0.56405    0.59087    0.61161    0.55691    0.72588   -0.57005
   0.12986    0.12521    0.08436    0.17990   -0.01901    0.60204   -0.84715
  -0.24766    0.03321   -0.00024    0.10987   -0.11754    0.62517   -0.65197
   0.47456    0.42124    0.43167    0.43495    0.35259    0.77528   -0.40638
  -0.09254   -0.09219   -0.14787   -0.03633   -0.30371    0.04457   -0.67163
  -0.31251   -0.21968   -0.33004   -0.18626   -0.44052    0.45635   -0.77562
   0.25654    0.19156    0.19124    0.25543    0.08693    0.52747   -0.63280
  -0.22438   -0.18421   -0.23073   -0.12402   -0.40138   -0.02597   -0.65617
  -0.08492    0.14817    0.10666    0.17905    0.02862    0.63341   -0.88196
  -0.59674   -0.07064   -0.16840   -0.01431   -0.21630    0.17153   -0.43340
   0.81571    0.19792    0.18554    0.24358    0.04393    0.96535   -0.61288
  -0.06256    0.03329   -0.02153    0.04840   -0.14941    0.50240   -0.73624
   0.47413    0.07431    0.09348    0.15692   -0.01793    0.37474   -0.41823
   0.56330   -0.31068   -0.28254   -0.22898   -0.49093    0.75658   -0.12907
  -0.26854   -0.08526   -0.15079   -0.01770   -0.24194    0.37834   -0.77216
   0.53536    0.37120    0.37132    0.42031    0.29182    0.60495   -0.64084
  -0.45670   -0.03061   -0.07014    0.04541   -0.19294    0.08343   -0.60149
  -0.28865    0.56673    0.56159    0.61182    0.50352    0.31873   -0.63033
  -0.32909   -0.16051   -0.21471   -0.12117   -0.32735    0.41628   -0.79572
  -0.53641   -0.05129   -0.08187    0.03248   -0.22146    0.34437   -0.51262
  -0.45152   -0.38413   -0.46759   -0.35420   -0.61461    0.38598   -0.67649
  -0.51784    0.14598    0.11059    0.16710    0.01657    0.44691   -1.28721
   0.51295   -0.07260   -0.04563   -0.00106   -0.19112    0.11057   -0.41753
  -0.18517   -0.13389   -0.25056   -0.10490   -0.36241    0.18155   -0.70203
   0.23668    0.58803    0.58703    0.62395    0.54470    0.34553   -0.55754
  -0.05843   -0.25955   -0.30548   -0.19529   -0.44416    0.28988   -0.65382
   0.59763    0.27520    0.28498    0.32390    0.19584    0.25703   -0.40067
   0.57447   -0.08322   -0.12793   -0.10279   -0.28536   -0.55588   -0.56527
   0.64553   -0.17160   -0.15299   -0.09384   -0.33075    0.34165   -0.37193
   0.20955    0.14059    0.14998    0.20342    0.03128    0.50956   -0.63851
  -0.24935   -0.10705   -0.12430   -0.06362   -0.28183   -0.26705   -0.56455
   0.36645    0.04680    0.05121    0.11537   -0.03908    0.40383   -0.54310
   0.24636    0.02015    0.01200    0.05165   -0.09995    0.44220   -0.71519
   0.04606   -0.29832   -0.35636   -0.22486   -0.49623    0.27036   -0.23451
   0.27510   -0.07607   -0.07818   -0.00297   -0.18080    0.21217   -0.56814
   0.53443    0.08044    0.08253    0.16139   -0.04247    0.38045   -0.52795
  -0.34068   -0.17297   -0.23536   -0.10602   -0.35422    0.34195   -0.63141
   0.76700   -0.03712   -0.05245    0.04458   -0.21054    0.03606   -0.33130
   0.03722   -0.16963   -0.32878   -0.10596   -0.40615    0.42076   -0.67070
   0.39795   -0.06766   -0.04982   -0.02217   -0.19745    0.11968   -0.44679
  -0.06389    0.09249    0.05525    0.14892   -0.04551    0.44697   -0.77023
   0.14971   -0.01028   -0.01262    0.03477   -0.09823    0.69733   -0.60365
   0.50977    0.14777    0.15097    0.19468    0.05411    0.25220   -0.45359
   0.01804    0.07104    0.07832    0.14744   -0.04407    0.00629   -0.59970
   0.00338   -0.24965   -0.26935   -0.20653   -0.42966    0.27697   -0.71449
  -0.05944    0.03665   -0.03064    0.09228   -0.13266    0.20594   -0.79137
  -0.56606    0.00643   -0.05411    0.03691   -0.13247    0.16145   -0.41935
   0.78902   -0.39859   -0.36196   -0.33353   -0.57009   -0.55017   -0.36457
  -0.18845   -0.07934   -0.13173   -0.00548   -0.24285    0.27116   -0.61325
  -0.38971   -0.14404   -0.24789   -0.10978   -0.33954    0.41972   -0.84877
  -0.61898    0.12512    0.07148    0.15712    0.04258    0.15726   -0.65619
   0.11045   -0.20026   -0.24132   -0.11344   -0.37482    0.33429   -0.33477
  -0.24377   -0.47505   -0.48748   -0.39509   -0.65843   -0.17200   -0.45959
  -0.52576    0.00327   -0.02797    0.07649   -0.12621    0.06687   -0.72245
  -0.12884   -0.00723   -0.09050    0.06211   -0.17328    0.41219   -0.58814
   0.50339    0.17986    0.17584    0.22692    0.05872    0.68381   -0.54500
  -0.04047    0.18916    0.16966    0.20732    0.05996    0.30160   -1.05584
  -0.65829    0.31024    0.30341    0.35001    0.26207    0.01712   -0.89871
   0.43043   -0.04051   -0.02292    0.03056   -0.14814    0.13612   -0.44236
   0.18286   -0.18317   -0.20072   -0.12487   -0.34756    0.11391   -0.49583
   0.38330   -0.30883   -0.30723   -0.22922   -0.48179    0.58932   -0.54684
   0.41291    0.54435    0.51317    0.54772    0.46028    0.85977   -0.55136
  -0.15472   -0.01420   -0.06199    0.04161   -0.17555    0.32962   -0.82378
  -0.18497   -0.08257   -0.18242   -0.01676   -0.22373    0.39462   -1.02446
   0.11907   -0.06408   -0.06783    0.01054   -0.20332    0.07519   -0.39573
   0.76325   -0.23994   -0.20914   -0.17933   -0.33226   -0.91818   -0.56583
   0.20031   -0.25383   -0.23267   -0.17496   -0.40021   -0.12030   -0.45912
  -0.82481    0.37421    0.41009    0.46009    0.30624    0.47865   -0.51918
  -0.58837   -0.32757   -0.39247   -0.29642   -0.55793   -0.29351   -0.62024
  -0.11597   -0.05541   -0.12506   -0.00684   -0.21912    0.16623   -0.63401
  -0.13390    0.11438    0.09579    0.15857   -0.02759   -0.50865   -0.84312
  -0.00048   -0.05179   -0.04519    0.03126   -0.18898    0.09652   -0.41630
   0.07379   -0.06401   -0.05946   -0.00023   -0.21201    0.05573   -0.54072
  -0.73164    0.41118    0.43722    0.47081    0.33979    0.53758   -0.57220
   0.47939    0.63723    0.66575    0.70594    0.66197    0.44282   -0.44343
  -0.48729   -0.23267   -0.27707   -0.15519   -0.42266    0.49229   -0.64515
   0.27933    0.51196    0.53709    0.55872    0.48429    0.76883   -0.52758
  -0.25796    0.18730    0.14530    0.20885    0.03585    0.54885   -1.07354
  -0.60164   -0.44676   -0.48292   -0.38527   -0.66041   -0.13730   -0.16986
  -0.35668   -0.08786   -0.11215   -0.02632   -0.19345   -0.17650   -0.77702
   0.32134    0.01750    0.03644    0.08534   -0.05804    0.23694   -0.40394
   0.18168   -0.10105   -0.14686   -0.03828   -0.28287    0.56240   -0.51116
  -0.42878    0.18632    0.19733    0.22810    0.06569   -0.48806   -0.95904
   0.34709    0.41110    0.42797    0.47490    0.36242    0.38346   -0.54395
  -0.52770   -0.36007   -0.37946   -0.28630   -0.53764   -0.11658   -0.54336
   0.95094   -0.14522   -0.13377   -0.10349   -0.27826   -0.09877   -0.38505
   0.65897    0.03397    0.02171    0.10547   -0.10008    0.25304   -0.43127
   0.06048   -0.64243   -0.57973   -0.58629   -0.79463   -0.38880   -0.25206
  -0.19693   -0.25426   -0.25833   -0.17053   -0.44381   -0.35091   -0.41525
   0.80210    0.06370    0.07307    0.14262   -0.07688    0.06528   -0.31078
  -0.05889   -0.10218   -0.20582   -0.03089   -0.30064    0.43833   -0.88444
   0.53602   -0.22352   -0.29003   -0.30590   -0.47526   -0.23409   -1.26413
  -0.57947   -0.02989   -0.07009    0.03753   -0.17012   -0.04916   -0.69686
   0.90716   -0.26462   -0.26543   -0.20551   -0.40125   -0.26382   -0.34383
   0.05670   -0.17662   -0.15022   -0.10990   -0.30053   -0.09961   -0.50440
  -0.49115    0.16315    0.14728    0.21775    0.05064    0.37497   -0.79521
  -0.59963   -0.06432   -0.13471    0.00582   -0.21476   -0.03555   -0.75636
   0.88538    0.68808    0.72385    0.73420    0.68531   -0.91573   -0.46794
   0.36719   -0.07226   -0.05265    0.00786   -0.19799    0.73777   -0.55359
   0.33167    0.29189    0.29950    0.35381    0.20338    0.56545   -0.69373
   0.01916   -0.33208   -0.29113   -0.26293   -0.45010   -0.19068   -0.44757
  -0.18834   -0.33027   -0.36057   -0.25221   -0.51199   -0.13863   -0.67958
   0.20016   -0.35481   -0.32151   -0.28393   -0.50284   -0.13990   -0.34031
  -0.14319   -0.13283   -0.13322   -0.05968   -0.27545    0.48583   -0.56786
   0.22633   -0.21406   -0.20410   -0.13135   -0.38077    0.06857   -0.39850
   0.21969    0.47275    0.48408    0.51681    0.42809    0.71642   -0.53786
  -0.39534    0.08167    0.01002    0.11346   -0.08201    0.37922   -0.88444
   0.09061   -0.20978   -0.18524   -0.16037   -0.32544   -0.72523   -0.54989
   0.23686   -0.21438   -0.21021   -0.13940   -0.38200   -0.04119   -0.43117
   0.19491    0.17977    0.17402    0.24157    0.06155    0.54880   -0.48966
   0.30520   -0.11219   -0.08860   -0.05143   -0.21493    0.27183   -0.43119
   0.78341   -0.06549   -0.09028   -0.03869   -0.20605   -0.03643   -0.43338
   0.70087   -0.14888   -0.15392   -0.07619   -0.31674    0.00841   -0.28258
   0.03397    0.27490    0.29709    0.34237    0.23641    0.64753   -0.58170
   0.32604   -0.37232   -0.34035   -0.30361   -0.53648   -0.20262   -0.39175
   0.01459   -0.13099   -0.16472   -0.06499   -0.28799    0.28432   -0.57171
  -0.41794   -0.10547   -0.14371   -0.02655   -0.30890    0.24018   -0.54662
   0.31731   -0.06917   -0.04445   -0.01647   -0.20384    0.02721   -0.59148
  -0.24523   -0.24206   -0.28465   -0.19840   -0.39009   -0.24408   -0.70736
   0.61511    0.10750    0.12969    0.15162   -0.01819    0.82298   -0.48897
  -0.91322    0.65656    0.67587    0.72899    0.62226    0.54635   -0.67204
   0.36946    0.13218    0.13993    0.19850    0.04462    0.45124   -0.58355
   0.10353   -0.07432   -0.09789   -0.04312   -0.22259    0.41360   -0.77037
   0.25860    0.45391    0.43383    0.49914    0.38490    0.69481   -0.78242
   0.97598   -0.45684   -0.43310   -0.40639   -0.59497   -0.53357   -0.25942
   0.16298   -0.05415   -0.07518    0.00036   -0.18518    0.62568   -0.79611
   0.37893    0.31374    0.32328    0.37151    0.26401    0.18914   -0.50635
   0.53164   -0.12230   -0.11764   -0.05818   -0.28426    0.16061   -0.46595
  -0.12695   -0.05230   -0.08195   -0.01352   -0.26475   -0.31464   -0.61631
   0.19663    0.00549   -0.01846    0.05351   -0.12200    0.63781   -0.77857
  -0.01818   -0.11202   -0.12204   -0.04701   -0.27777    0.02480   -0.62448
  -0.09318   -0.35930   -0.45222   -0.29930   -0.59034    0.69781   -0.71588
  -0.57248   -0.05405   -0.07769    0.01519   -0.22453    0.45661   -0.59861
  -0.17196    0.05717   -0.00734    0.11906   -0.11735    0.63529   -0.78040
  -0.22261   -0.43604   -0.43769   -0.35957   -0.63990   -0.30010   -0.44879
   0.02007    0.01592   -0.04339    0.09174   -0.11273    0.30991   -0.66076
  -0.18989    0.02790    0.00920    0.08208   -0.11803   -0.02734   -0.65144
   0.75248   -0.14632   -0.12979   -0.07694   -0.32470    0.16877   -0.25859
   0.53995   -0.13926   -0.12169   -0.07674   -0.27090    0.07753   -0.38787
  -0.77937    0.02378   -0.04720    0.07514   -0.10378   -0.07667   -0.67868
  -0.44350   -0.21558   -0.29351   -0.18461   -0.39752    0.43421   -0.75938
   0.98459   -0.30098   -0.27221   -0.24536   -0.43376   -0.55701   -0.30826
  -0.61202    0.48798    0.49051    0.52683    0.44466    0.20549   -0.70631
   0.07990   -0.16634   -0.29584   -0.11313   -0.38310    0.44723   -0.67075
   0.76081   -0.02060    0.00275    0.06227   -0.15284    0.28428   -0.34659
   0.30639    0.08510    0.07289    0.14636   -0.04818    0.64649   -0.90205
   0.15265    0.00715   -0.00083    0.06220   -0.12407    0.37028   -0.50038
  -0.36614    0.04820    0.01538    0.08843   -0.10057    0.20792   -0.65884
  -0.11676    0.20959    0.15926    0.21109    0.06999    0.65501   -0.92741
   0.65341   -0.06507   -0.06704    0.00745   -0.20198    0.03407   -0.32370
   0.65421    0.11236    0.14295    0.17553    0.01617    0.36621   -0.45104
   0.90120   -0.22205   -0.19641   -0.14850   -0.38398   -0.67860   -0.40921
   0.08377   -0.09982   -0.18352   -0.02859   -0.28106    0.17813   -0.60972
   0.95967   -0.19627   -0.16410   -0.15403   -0.32980   -0.37947   -0.29215
   0.00426    0.34653    0.37599    0.37334    0.28643   -0.92149   -0.51049
  -0.38547    0.17244    0.15870    0.21101    0.04797    0.25643   -0.73009
  -0.06064    0.10968    0.03957    0.13912   -0.06603    0.64513   -0.95885
   0.15909   -0.00343   -0.03847    0.05898   -0.14966    0.61292   -0.59690
   0.10643   -0.20066   -0.19469   -0.13026   -0.33731    0.00655   -0.63293
  -0.62761    0.25378    0.27409    0.31656    0.23379    0.00517   -0.80080
   0.19356    0.09100    0.08233    0.09963   -0.04618   -0.89836   -0.89212
  -0.08818   -0.03048   -0.06338    0.04636   -0.15595    0.54317   -0.57186
  -0.44962   -0.08997   -0.15034   -0.01417   -0.27813    0.25496   -0.53181
  -0.45778   -0.02454   -0.09602    0.02273   -0.20014    0.46162   -1.00522
   0.05083   -0.15977   -0.12562   -0.12104   -0.29959   -0.84739   -0.41799
   0.39703   -0.15433   -0.13263   -0.08525   -0.29954    0.05012   -0.46519
   0.84083   -0.05864   -0.04616    0.02141   -0.23970    0.05645   -0.26282
  -0.12682   -0.17391   -0.21587   -0.10419   -0.37684   -0.01435   -0.58161
  -0.06764    0.11478    0.06701    0.17735   -0.04039    0.46181   -0.84096
   0.16098    0.39911    0.45789    0.46769    0.40747    0.03878   -0.43529
  -0.43140   -0.20500   -0.23364   -0.13834   -0.33760   -0.25177   -0.71715
   0.50150    0.29470    0.29890    0.36830    0.22661    0.34216   -0.34987
  -0.06416   -0.03907   -0.11968   -0.01538   -0.22220    0.21677   -0.76920
   0.63276    0.06933    0.07112    0.13727   -0.05305    0.24565   -0.40299
   0.49053   -0.24600   -0.22418   -0.18681   -0.38620   -0.86422   -0.35648
   0.59403   -0.17216   -0.16959   -0.12805   -0.34813   -0.04245   -0.30639
  -0.27283   -0.17425   -0.14500   -0.11184   -0.31004   -0.33683   -0.58152
   0.54656    0.05414    0.04943    0.13556   -0.07123    0.46910   -0.43692
   0.11570   -0.15216   -0.12536   -0.08164   -0.27972   -0.08055   -0.46755
  -0.02622   -0.25444   -0.33238   -0.19772   -0.40387    0.52993   -0.78496
   0.49609   -0.02522   -0.01114    0.04634   -0.15050    0.14393   -0.44736
   0.18324    0.02505    0.06626    0.05739   -0.05667   -0.84152   -0.64150
   0.49927   -0.37812   -0.37370   -0.30696   -0.60649   -0.10073   -0.37599
   0.25327   -0.57542   -0.57169   -0.53503   -0.75636   -0.71882   -0.39954
  -0.80874   -0.07408   -0.10880   -0.02120   -0.22169    0.53091   -0.79335
  -0.83709   -0.32762   -0.42753   -0.28006   -0.51218   -0.09742   -0.51552
   0.29475   -0.31166   -0.30788   -0.23464   -0.50076    0.12017   -0.35648
  -0.60393    0.08091    0.01033    0.14358   -0.03238    0.12754   -0.41909
  -0.35612   -0.04502   -0.09039    0.02828   -0.22171    0.24022   -0.56778
  -0.10867   -0.32192   -0.32424   -0.25077   -0.45993   -0.13363   -0.46377
   0.67699    0.63377    0.66530    0.67852    0.62387    0.08637   -0.33728
   0.15642    0.56036    0.57810    0.56662    0.53989    0.67364   -0.88589
   0.07308   -0.25066   -0.26433   -0.17704   -0.40224    0.32288   -0.53594
   0.01159   -0.16488   -0.25279   -0.09169   -0.37353    0.19282   -0.41921
  -0.25496    0.18581    0.14152    0.14812    0.05337    0.44345   -1.07658
   0.32861   -0.10458   -0.10583   -0.07114   -0.24190   -0.04311   -0.66372
   0.11246    0.02585    0.02263    0.10167   -0.08093    0.29458   -0.45561
   0.08531   -0.08974   -0.16217   -0.02318   -0.24610    0.63451   -0.79075
  -0.52779   -0.47142   -0.54243   -0.41042   -0.69010    0.45994   -0.65075
  -0.08426   -0.00176   -0.06320    0.07247   -0.16346    0.26379   -0.61156
  -0.54677   -0.23167   -0.27123   -0.16562   -0.42814    0.45818   -0.55385
   0.71270   -0.23497   -0.22599   -0.16562   -0.40772   -0.01742   -0.31451
  -0.53187    0.23491    0.25533    0.26444    0.13553    0.32946   -0.64380
  -0.35508    0.19608    0.18242    0.23984    0.04452   -0.63502   -1.07305
   0.23618   -0.17207   -0.16160   -0.09769   -0.32887   -0.00349   -0.37696
   0.66904   -0.22762   -0.21367   -0.17053   -0.38700   -0.26744   -0.40375
  -0.49603   -0.19645   -0.24222   -0.12292   -0.37166    0.02809   -0.53473
  -0.45729   -0.09738   -0.16266   -0.04934   -0.26617    0.42641   -0.94323
   0.06564    0.00546   -0.02673    0.08191   -0.12582    0.26066   -0.47747
  -0.36924    0.05080    0.02048    0.10989   -0.06175   -0.01286   -0.80663
  -0.10686    0.12363    0.14810    0.19717    0.01224   -0.62993   -0.72243
  -0.20659   -0.43742   -0.45434   -0.37414   -0.61878   -0.18675   -0.45577
   0.84361   -0.03143   -0.03161    0.01424   -0.15493   -0.10721   -0.52992
  -0.63957   -0.03675   -0.08617    0.00376   -0.16008    0.22743   -0.51704
  -0.38831   -0.13056   -0.19245   -0.08252   -0.30757    0.16521   -0.52520
   0.59451   -0.39241   -0.36221   -0.32528   -0.64203   -0.07667   -0.18774
   0.59307   -0.04780   -0.03082    0.01228   -0.20783    0.83145   -0.52502
  -0.45060   -0.12055   -0.18097   -0.04187   -0.30790    0.22494   -0.48411
   0.33437    0.67248    0.69133    0.73398    0.64212    0.82094   -0.66974
   0.25937    0.03676    0.06998    0.09915   -0.03449    0.33385   -0.47321
   0.04893    0.08208   -0.00154    0.14190   -0.07045    0.46526   -0.75603
   0.14402    0.22066    0.20364    0.29176    0.10850    0.72689   -0.64014
  -0.18107    0.61134    0.61875    0.66495    0.55959   -0.71605   -0.76841
  -0.27902   -0.17505   -0.21476   -0.10625   -0.35653    0.09244   -0.56641
  -0.00414   -0.18036   -0.26972   -0.14140   -0.35284    0.65917   -0.57517
  -0.02126    0.03509   -0.00013    0.11112   -0.10237    0.25680   -0.60185
  -0.02213   -0.02698   -0.03550    0.05532   -0.19109    0.07377   -0.44320
   0.31041    0.76303    0.75772    0.71067    0.71618    0.77995   -0.95308
   0.06823   -0.13073   -0.16505   -0.06311   -0.26827    0.56187   -0.74458
   0.83300   -0.49654   -0.48825   -0.42992   -0.73267   -0.33391   -0.34201
   0.01875   -0.39019   -0.35059   -0.32548   -0.51893   -0.20799   -0.35064
  -0.25486   -0.13933   -0.21329   -0.11711   -0.35529    0.14786   -0.90820
   0.29560   -0.39915   -0.38613   -0.32043   -0.60355    0.05300   -0.30370
   0.03136   -0.10433   -0.20745   -0.05623   -0.29040    0.45800   -0.49585
   0.59897   -0.00311    0.00213    0.06083   -0.08969    0.27193   -0.35312
   0.68955    0.04352    0.04339    0.09768   -0.07633    0.03221   -0.37898
  -0.25941   -0.24737   -0.31911   -0.20520   -0.45356    0.48093   -0.69487
   0.16367   -0.06577   -0.00144   -0.00767   -0.10031   -0.83694   -0.67209
   0.14708   -0.08284   -0.07899   -0.01052   -0.21592    0.28927   -0.50942
  -0.46342   -0.24431   -0.31832   -0.16860   -0.44861    0.51387   -0.55647
   0.17713   -0.04013   -0.05928    0.03416   -0.19617    0.49102   -0.59268
   0.46179    0.21381    0.20946    0.19782    0.08569    0.68687   -0.83315
   0.11333    0.13125    0.12900    0.19148    0.03472    0.35383   -0.52591
  -0.20706   -0.00593   -0.07337    0.06284   -0.17019    0.30412   -0.83099
  -0.17820   -0.35074   -0.39217   -0.29913   -0.58054   -0.31313   -0.31527
   0.62027   -0.09268   -0.08132    0.00197   -0.26523    0.39947   -0.24803
   0.20031   -0.23810   -0.21053   -0.17154   -0.37244   -0.20486   -0.49330
   0.12523   -0.18544   -0.27753   -0.13471   -0.40093    0.52438   -0.67423
   0.18463   -0.28475   -0.32701   -0.21818   -0.45659    0.18554   -0.38299
  -0.20992   -0.15633   -0.17587   -0.09301   -0.31342   -0.04072   -0.53862
  -0.47857   -0.19040   -0.23370   -0.10560   -0.35756   -0.00283   -0.57212
  -0.66686    0.41021    0.41868    0.47905    0.30578    0.52213   -0.69346
  -0.37073    0.38365    0.37168    0.43843    0.31832    0.07206   -0.67862
   0.11912   -0.00570    0.01108    0.05378   -0.12072   -0.06102   -0.54675
   0.57436   -0.03938   -0.04107    0.02899   -0.18670    0.72309   -0.52821
  -0.56569   -0.31928   -0.32847   -0.25287   -0.47537   -0.08758   -0.42028
   0.06175   -0.17473   -0.20032   -0.08973   -0.31514    0.68912   -0.54219
  -0.24381   -0.10252   -0.13475   -0.05754   -0.23658   -0.11733   -0.76313
   0.18882   -0.01779   -0.01863    0.05562   -0.13648    0.14402   -0.46214
   0.00847    0.28887    0.28411    0.28767    0.20151    0.68548   -0.79154
   0.69296    0.37653    0.41746    0.44540    0.34424   -0.92864   -0.43386
   0.04950    0.39439    0.38319    0.43271    0.32532   -0.88569   -0.79613
   0.45574   -0.04768   -0.03175    0.01601   -0.16416    0.09461   -0.47202
   0.49774   -0.56008   -0.53289   -0.50218   -0.73521   -0.13420   -0.28623
   0.57732   -0.14712   -0.12904   -0.07529   -0.31060   -0.57879   -0.27637
   0.39794   -0.28132   -0.27221   -0.23120   -0.46967   -0.25054   -0.53294
   0.04852    0.33472    0.34799    0.37993    0.28709    0.65404   -0.57195
  -0.39178    0.09631    0.06239    0.11693   -0.06397    0.31121   -0.67015
   0.21605    0.28293    0.29316    0.32404    0.22348    0.69304   -0.67758
   0.18220   -0.02186   -0.03785    0.03564   -0.16439    0.09594   -0.55180
   0.45451    0.29590    0.30874    0.33231    0.20139    0.80217   -0.46054
   0.14856   -0.14005   -0.11478   -0.08200   -0.27879   -0.36228   -0.55129
   0.71156   -0.31553   -0.32526   -0.24599   -0.52666   -0.11620   -0.20500
   0.24274   -0.08201   -0.08213    0.00425   -0.21975    0.29876   -0.44712
   0.26109    0.17623    0.22302    0.24588    0.15311    0.34856   -0.44921
   0.06886   -0.15198   -0.24043   -0.09489   -0.31968    0.60175   -0.68241
  -0.36864    0.06884    0.01610    0.06922   -0.09584    0.11504   -0.81519
  -0.23957    0.00425   -0.06341    0.07109   -0.15706    0.28376   -0.68205
   0.68240    0.09568    0.09593    0.16024   -0.02596    0.16381   -0.47774
  -0.18597   -0.08326   -0.13899   -0.01734   -0.28235    0.24767   -0.56382
   0.71688   -0.06612   -0.05613    0.01513   -0.21908    0.40353   -0.36591
   0.21391    0.15218    0.14663    0.21576    0.03083    0.55377   -0.60386
  -0.02902    0.05370    0.06019    0.12867   -0.05253   -0.01681   -0.67487
  -0.05895   -0.37238   -0.35698   -0.30590   -0.49884   -0.15372   -0.40796
  -0.43094    0.24126    0.22257    0.29092    0.18127   -0.23392   -0.78763
   0.16070   -0.23529   -0.17151   -0.16375   -0.35157   -0.32618   -0.41129
   0.32958   -0.20576   -0.15365   -0.14459   -0.27048   -0.53147   -0.25814
  -0.28346   -0.76655   -0.74684   -0.84767   -0.96680   -0.15302   -0.34687
   0.67911   -0.11828   -0.11279   -0.05130   -0.26168    0.01258   -0.28134
  -0.80518    0.01665   -0.02437    0.01461   -0.12198   -0.06153   -0.81709
   0.79905    0.07903    0.09058    0.13628   -0.04191    0.14178   -0.41754
  -0.14230   -0.01016   -0.07002    0.02253   -0.19310    0.45127   -0.74449
  -0.07950   -0.11147   -0.13924   -0.04037   -0.24933    0.28777   -0.62518
   0.66157    0.03410    0.05301    0.09659   -0.03914    0.07495   -0.30541
  -0.09121    0.11634    0.13736    0.18440    0.06632    0.31864   -0.63123
   0.41714   -0.28153   -0.26749   -0.21796   -0.42417   -0.04488   -0.56135
  -0.57826   -0.00312   -0.02879    0.05197   -0.10473    0.19138   -0.38572
  -0.21088   -0.09579   -0.12636   -0.02009   -0.26418    0.05991   -0.57812
   0.37274    0.01755    0.03116    0.09820   -0.08340    0.38574   -0.49448
   0.04588   -0.11336   -0.21323   -0.07719   -0.30335    0.44501   -0.69016
   0.01971   -0.17625   -0.27824   -0.11215   -0.37460    0.32635   -0.55749
   0.10140   -0.04925   -0.12572    0.00827   -0.23031    0.48919   -0.50762
   0.12881    0.23077    0.26157    0.26747    0.16701   -0.93265   -0.53272
  -0.53918    0.05122   -0.00283    0.08938   -0.13505    0.39942   -0.81404
   0.26299   -0.17350   -0.17177   -0.11148   -0.33551    0.14813   -0.49940
   0.77060   -0.35519   -0.33714   -0.28175   -0.50051   -0.26844   -0.29374
  -0.49085   -0.15035   -0.23164   -0.09500   -0.32841    0.44116   -0.89067
   0.92313   -0.29868   -0.28408   -0.22992   -0.48134   -0.08005   -0.41480
  -0.30025   -0.01265    0.02409    0.06874   -0.06105    0.40364   -0.60568
   0.24841    0.30782    0.29190    0.36454    0.19009    0.57474   -0.84731
   0.19854    0.26826    0.23670    0.30806    0.16004    0.73426   -0.68914
   0.04260   -0.17336   -0.23469   -0.09668   -0.36795    0.19699   -0.46952
  -0.89212    0.37964    0.29251    0.41192    0.22886   -0.08000   -1.02443
   0.45106    0.28399    0.31321    0.35577    0.25014    0.26380   -0.49258
  -0.03256   -0.08016   -0.04027   -0.02937   -0.19872   -0.76168   -0.50285
   0.39147    0.38352    0.38424    0.44643    0.31294    0.34025   -0.53273
   0.64357   -0.09919   -0.08096   -0.05520   -0.25450    0.82210   -0.54957
  -0.12719   -0.06696   -0.10254   -0.01395   -0.20665    0.32332   -0.76219
  -0.38542   -0.04230   -0.09994    0.02369   -0.21774    0.22517   -0.61817
   0.02555    0.23265    0.21559    0.26657    0.12919    0.56381   -0.77436
   0.45645    0.22265    0.24034    0.28284    0.13330   -0.00412   -0.50487
   0.24345    0.17133    0.17220    0.22635    0.06710    0.38550   -0.65249
   0.21839    0.21307    0.20820    0.26384    0.13962    0.66747   -0.72439
   0.95955   -0.15283   -0.16307   -0.07172   -0.31614   -0.01615   -0.26763
   0.17839    0.05610    0.08014    0.13191   -0.08202   -0.94815   -0.53201
   0.05745   -0.10478   -0.14746   -0.06264   -0.29382    0.53207   -0.69116
  -0.09382   -0.20872   -0.26800   -0.13388   -0.43684    0.13304   -0.48947
   0.32338   -0.20986   -0.20739   -0.13813   -0.33890    0.17639   -0.41717
   0.50599    0.63423    0.63487    0.65069    0.59628    0.29136   -0.42490
  -0.45310   -0.22006   -0.29411   -0.17444   -0.40363    0.44669   -0.83858
  -0.02134    0.09496    0.13092    0.17278    0.03945    0.00055   -0.40400
   0.63384    0.19854    0.21472    0.25688    0.10231   -0.93983   -0.54653
   0.90636   -0.37460   -0.38002   -0.31128   -0.54581   -0.10527   -0.31259
   0.39680    0.42371    0.45229    0.48066    0.38109    0.08304   -0.42435
   0.06944    0.05847    0.04039    0.10693   -0.03975    0.29485   -0.74351
   0.08891   -0.07471   -0.12519   -0.02571   -0.23563    0.42437   -0.75690
  -0.02263   -0.02443   -0.12820    0.03826   -0.21016    0.45182   -0.65782
   0.29567    0.19006    0.20212    0.26026    0.12408    0.34630   -0.50989
  -0.35363   -0.02047   -0.05327    0.04919   -0.16021    0.01902   -0.75816
   0.40810    0.08874    0.10275    0.15413   -0.02250    0.58805   -0.75555
   0.31686    0.69257    0.72202    0.74887    0.70066    0.78882   -0.49966
  -0.18112   -0.19208   -0.25382   -0.13679   -0.37692    0.15410   -0.60251
  -0.06698   -0.19837   -0.26689   -0.14687   -0.40526    0.68901   -0.87844
  -0.25733   -0.43235   -0.42391   -0.37725   -0.63928   -0.44142   -0.25361
   0.02231   -0.32016   -0.29096   -0.25380   -0.47949   -0.15681   -0.43428
   0.14281   -0.15755   -0.15615   -0.18663   -0.30835   -0.39186   -0.55113
  -0.33199    0.19031    0.14391    0.20528    0.08089   -0.68644   -1.02057
   0.06942   -0.15726   -0.26905   -0.09011   -0.30194    0.47332   -0.66777
   0.30396   -0.02978   -0.02821    0.04375   -0.15842    0.52380   -0.57873
   0.67831   -0.42977   -0.51642   -0.41042   -0.65306    0.25504   -0.70430
   0.85779    0.14816    0.15964    0.21011    0.06651   -0.98584   -0.62100
  -0.02124   -0.07582   -0.16908   -0.06083   -0.25853    0.66455   -0.72475
   0.59405   -0.17155   -0.17173   -0.10048   -0.32592    0.00560   -0.25427
   0.01254   -0.11660   -0.19138   -0.14408   -0.28749    0.54260   -0.88687
   0.17933   -0.19264   -0.24448   -0.12318   -0.37821    0.59072   -0.43501
   0.17819   -0.06319   -0.08083   -0.00640   -0.18438    0.19645   -0.48464
   0.82077   -0.09762   -0.08974   -0.03771   -0.26915    0.18938   -0.32680
   0.08582   -0.43594   -0.39764   -0.36220   -0.59988   -0.20746   -0.28532
  -0.17345   -0.27909   -0.34136   -0.21131   -0.48231    0.43027   -0.35746
   0.85389   -0.13369   -0.11988   -0.05422   -0.30300    0.03555   -0.26937
   0.30514   -0.33109   -0.30095   -0.26251   -0.48271   -0.22708   -0.33173
   0.31413    0.24493    0.26644    0.27681    0.14664   -0.98877   -0.51063
   0.54311    0.16850    0.16362    0.22387    0.07582    0.25475   -0.45384
  -0.71025    0.09417    0.09876    0.18270   -0.05622    0.47516   -0.46425
  -0.62339    0.08178    0.06223    0.13511   -0.04302   -0.07165   -0.75153
   0.36597    0.37946    0.38911    0.44370    0.31985    0.53567   -0.61331
   0.17083   -0.04497   -0.07241    0.02194   -0.18537    0.24381   -0.43910
  -0.16493    0.05180    0.03734    0.12653   -0.06687   -0.06948   -0.68373
   0.86840   -0.16761   -0.15183   -0.10548   -0.28862   -0.31725   -0.46574
   0.14095    0.09178    0.11129    0.16065    0.00908    0.05530   -0.59198
   0.99449   -0.24249   -0.23395   -0.17358   -0.38917   -0.08983   -0.30086
   0.13679   -0.28032   -0.31558   -0.21785   -0.45476    0.37376   -0.59851
  -0.30635    0.71041    0.72694    0.76944    0.67684   -0.58534   -0.80158
   0.15839   -0.06530   -0.01709   -0.04324   -0.09402    0.65778   -0.58847
  -0.23204   -0.01458   -0.05162    0.06335   -0.12193    0.41657   -0.90506
   0.61896   -0.09976   -0.09857   -0.03191   -0.25449    0.18056   -0.33357
   0.51774    0.11460    0.10816    0.17666   -0.01164    0.75931   -0.60151
   0.00749   -0.21157   -0.23025   -0.12533   -0.37184    0.24436   -0.51182
   0.78192    0.23114    0.27082    0.28509    0.19396   -0.83298   -0.52619
   0.44661   -0.09868   -0.07896   -0.04104   -0.23823   -0.62490   -0.37118
  -0.21502    0.01146   -0.06157    0.01818   -0.16978    0.17902   -0.68495
  -0.23534    1.00000    1.00000    1.00000    1.00000   -0.78919   -0.80285
  -0.19692    0.20845    0.13783    0.24625    0.05176    0.59388   -0.97325
   0.30247    0.44658    0.45722    0.46310    0.39220    0.76933   -0.81347
   0.12078    0.15243    0.11720    0.22493    0.04753    0.17110   -0.59170
  -0.16212    0.47831    0.49800    0.52036    0.41489   -0.37973   -0.63853
   0.85585   -0.01477   -0.01227    0.00370   -0.15378   -0.87445   -0.57518
   0.77026   -0.25126   -0.25205   -0.20247   -0.42979   -0.09092   -0.35888
   0.41666   -0.16805   -0.16509   -0.11368   -0.30701   -0.03068   -0.46075
  -0.34542   -0.01913   -0.08884    0.02981   -0.16881    0.41051   -0.89289
  -0.32042   -0.25288   -0.27636   -0.17941   -0.39115    0.02477   -0.65541
   0.11473   -0.57393   -0.52289   -0.48917   -0.76959   -0.57258   -0.16502
   0.12370   -0.13334   -0.17376   -0.05342   -0.29038    0.15590   -0.46436
   0.97606    0.00508    0.03004    0.06922   -0.11520   -0.84162   -0.53532
   0.48790   -0.34385   -0.29645   -0.29080   -0.46126   -0.49451   -0.38345
   0.02675   -0.38244   -0.32251   -0.30607   -0.57063   -0.56425   -0.29529
   0.07035    0.06846    0.04046    0.14187   -0.07625    0.19270   -0.58529
   0.52471   -0.28303   -0.28086   -0.21676   -0.49781   -0.11510   -0.24962
   0.97779   -0.21886   -0.13967   -0.15357   -0.31788   -0.95561   -0.19741
  -0.19287   -0.17200   -0.25763   -0.10852   -0.35802    0.40488   -0.56179
   0.11152   -0.24471   -0.27966   -0.18443   -0.39874    0.61636   -0.63549
   0.51533   -0.13499   -0.11034   -0.06968   -0.25430    0.07691   -0.47326
  -0.04688   -0.04694   -0.14600   -0.00777   -0.23743    0.65427   -0.84486
   0.99097   -0.29718   -0.27675   -0.23333   -0.43541   -0.30307   -0.30791
   0.30856    0.35196    0.38545    0.37517    0.32028   -0.83945   -0.81905
  -0.14128   -0.07837   -0.14297   -0.03381   -0.23163    0.18186   -0.72506
  -0.46924   -0.34621   -0.36133   -0.28630   -0.48415   -0.23317   -0.43526
  -0.83770   -0.23548   -0.31098   -0.18838   -0.42844   -0.08096   -0.51657
  -0.60450   -0.23625   -0.24409   -0.22864   -0.43578   -0.25877   -0.65419
   0.03327   -0.16181   -0.22274   -0.09511   -0.29921    0.60438   -0.69172
   0.41890    0.31299    0.31327    0.37240    0.23002    0.32948   -0.55653
   0.45120   -0.01095    0.00023    0.03938   -0.09288    0.25104   -0.51897
  -0.49004   -0.20029   -0.26346   -0.15690   -0.43873    0.16253   -0.41240
   0.84018   -0.45563   -0.42680   -0.38637   -0.60927   -0.27990   -0.19472
   0.77712    0.17692    0.19668    0.23162    0.10580   -0.94533   -0.66295
  -0.06304    0.37289    0.34254    0.40626    0.27897   -0.80808   -0.84885
  -0.28263    0.20801    0.19909    0.26928    0.11129   -0.02672   -0.74643
   0.29753   -0.46566   -0.43789   -0.40395   -0.64523   -0.13787   -0.40967
  -0.21943   -0.11518   -0.20169   -0.05342   -0.29647    0.44833   -0.78919
  -0.35729   -0.09308   -0.13339   -0.01737   -0.22670   -0.13997   -0.74312
  -0.17597    0.18575    0.12079    0.22611    0.05969    0.46613   -1.18104
   0.42882   -0.07662   -0.06324   -0.01506   -0.19507    0.21181   -0.52304
  -0.15643    0.15763    0.12659    0.17797    0.02651    0.66541   -1.08992
  -0.09675    0.14221    0.10004    0.18387    0.01040    0.18679   -0.75834
   0.67845   -0.02416   -0.00960    0.05070   -0.13517    0.31473   -0.33221
   0.48506    0.12231    0.11618    0.15964    0.00207    0.64110   -0.60203
   0.07442   -0.17939   -0.21972   -0.09472   -0.31202    0.69025   -0.56731
   0.57701   -0.16043   -0.16185   -0.08252   -0.32028    0.23053   -0.38258
   0.38798   -0.19271   -0.19840   -0.11977   -0.34247   -0.04126   -0.46488
  -0.11531    0.16954    0.14703    0.21113    0.04773    0.25013   -0.67387
  -0.32589   -0.16149   -0.24644   -0.11486   -0.38237    0.25962   -0.41793
   0.61563   -0.00450    0.00101    0.04680   -0.16081    0.44448   -0.53775
   0.63669   -0.17119   -0.14363   -0.10948   -0.30537   -0.42626   -0.42549
  -0.12894    0.05248    0.02835    0.10569   -0.09209    0.10188   -0.66914
  -0.05749    0.20629    0.17961    0.24709    0.09347    0.47414   -0.77184
   0.14936   -0.14997   -0.10898   -0.06405   -0.28322   -0.56083   -0.25818
  -0.17470    0.18318    0.15947    0.24380    0.07126    0.29221   -0.74781
  -0.21892   -0.14478   -0.20042   -0.10221   -0.35545   -0.00446   -0.78682
  -0.38983   -0.31933   -0.41330   -0.27581   -0.54476    0.40247   -0.68066
   0.81427   -0.13422   -0.10980   -0.05333   -0.30511    0.16733   -0.23014
   0.63249    0.12323    0.10829    0.16088    0.00486    0.22683   -0.29408
   0.18058   -0.31210   -0.24842   -0.24473   -0.42952   -0.34594   -0.28750
  -0.06928   -0.11500   -0.12938   -0.03053   -0.31074    0.15678   -0.53281
  -0.03559   -0.21081   -0.26088   -0.16213   -0.38056    0.23789   -0.59176
  -0.06416   -0.29328   -0.27982   -0.20869   -0.42795   -0.13529   -0.46238
  -0.23688   -0.18385   -0.22366   -0.10684   -0.36233    0.08001   -0.59783
   0.24429    0.45033    0.46010    0.54003    0.37387    0.76544   -0.48090
  -0.04057   -0.19317   -0.26980   -0.11761   -0.38642    0.52242   -0.49521
   0.39713   -0.21685   -0.20447   -0.14753   -0.36524    0.03584   -0.35336
  -0.16476   -0.01028   -0.07045    0.01138   -0.18368    0.18271   -0.62478
   0.07699   -0.10801   -0.09664   -0.03100   -0.24694    0.02190   -0.58729
   0.20998   -0.17558   -0.18422   -0.10250   -0.32088    0.53128   -0.57662
   0.20029   -0.38486   -0.36133   -0.30396   -0.55496   -0.15970   -0.36180
   0.79543    0.10646    0.09879    0.18002   -0.03473    0.00729   -0.36183
   0.43871   -0.21995   -0.19009   -0.14738   -0.40776   -0.07600   -0.40653
  -0.19623    0.10240    0.09597    0.17308   -0.00495    0.11464   -0.62935
   0.13402   -0.05452   -0.03324    0.01110   -0.16255    0.03838   -0.61213
  -0.40088   -0.35049   -0.38213   -0.30625   -0.48140   -0.06540   -0.46350
   0.96929   -0.30214   -0.27629   -0.25155   -0.45923   -0.79791   -0.60717
   0.56454   -0.27480   -0.26166   -0.21057   -0.46696   -0.05094   -0.23615
   0.34222   -0.14142   -0.12652   -0.08716   -0.26936    0.01066   -0.59904
   0.44126   -0.40961   -0.37169   -0.32825   -0.61902   -0.58643   -0.07244
   0.23689   -0.23918   -0.20893   -0.16383   -0.39469   -0.12106   -0.40045
  -0.31710   -0.01400   -0.05032    0.03991   -0.16715    0.09514   -0.65490
  -0.23981    0.13379    0.08104    0.20434   -0.00807    0.31978   -0.67555
   0.19183   -0.17211   -0.20776   -0.10619   -0.35503    0.47454   -0.45127
   0.29589   -0.13351   -0.07820   -0.10210   -0.20623   -0.39094   -0.38608
  -0.20839   -0.00139   -0.07087    0.05917   -0.14223    0.39026   -0.87947
  -0.08612    0.14923    0.08526    0.21411    0.01744    0.50771   -0.75843
   0.28897   -0.03278   -0.01584    0.03670   -0.15683    0.16782   -0.49017
   0.11689   -0.12456   -0.11802   -0.05502   -0.27646   -0.04160   -0.52189
  -0.58298    0.01224    0.02570    0.07005   -0.09755   -0.12111   -0.54663
  -0.84979    0.15507    0.18243    0.24914    0.04477    0.49332   -0.43968
   0.33272    0.08407    0.10651    0.15280   -0.00192    0.16761   -0.48413
   0.26596    0.05407    0.07642    0.11586   -0.07388   -0.92948   -0.59532
   0.91687   -0.27289   -0.24723   -0.21057   -0.42171   -0.57623   -0.24116
   0.19942   -0.10304   -0.11723   -0.03828   -0.26956    0.56065   -0.58842
   0.35842   -0.08180   -0.06171   -0.00840   -0.20634   -0.02521   -0.50888
  -0.21798   -0.00769   -0.09597    0.01277   -0.19214    0.58438   -0.91017
  -0.15011   -0.04847   -0.10628    0.02056   -0.22089    0.27318   -0.75596
   0.29085   -0.31279   -0.30910   -0.23949   -0.51592    0.08314   -0.52060
   0.14432   -0.07437   -0.11956   -0.00210   -0.22261    0.35944   -0.62607
  -0.09911   -0.11506   -0.19148   -0.05021   -0.29652    0.29833   -0.73683
   0.23550    0.52274    0.54127    0.53985    0.48054   -0.31624   -0.59932
   0.01945   -0.25856   -0.29011   -0.19606   -0.50495   -0.36292   -0.41878
   0.31162    0.53074    0.55703    0.58661    0.48630   -0.56537   -0.45595
   0.27098    0.36783    0.36284    0.42911    0.28549    0.55359   -0.67424
  -0.32738   -0.08059   -0.12877   -0.00919   -0.26281    0.24318   -0.43790
  -0.53480    0.17328    0.11888    0.22278    0.03716    0.19491   -0.55247
  -0.46038   -0.12036   -0.17808   -0.05745   -0.29825    0.37726   -0.59032
   0.20097   -0.22211   -0.20385   -0.16546   -0.34991   -0.18138   -0.35936
  -0.34545   -0.26039   -0.33377   -0.27093   -0.46121    0.18044   -0.47607
   0.14571   -0.13298   -0.18482   -0.06832   -0.33139    0.53651   -0.43388
   0.04919   -0.46404   -0.44562   -0.42442   -0.61717   -0.20714   -0.45528
   0.36072   -0.29591   -0.23530   -0.24296   -0.37262    0.91110   -0.34069
  -0.00284   -0.30501   -0.35357   -0.23488   -0.52367    0.17500   -0.47111
  -0.13880   -0.04802   -0.11688    0.01540   -0.21450    0.56578   -0.70519
  -0.07356   -0.09825   -0.15060   -0.02851   -0.27168    0.47658   -0.71949
   0.69584    0.11329    0.13259    0.16628    0.01654   -0.96744   -0.50336
   0.99449   -0.18586   -0.18106   -0.11486   -0.32963   -0.05742   -0.44549
   0.06848    0.15405    0.11447    0.14433    0.01214    0.23096   -0.71939
   0.60464    0.18533    0.19295    0.24585    0.09321    0.29554   -0.40736
  -0.35759   -0.00610   -0.02923    0.06678   -0.13640    0.03457   -0.71056
   0.26565   -0.09814   -0.08930   -0.02944   -0.20944   -0.48034   -0.49324
   0.64977   -0.30820   -0.30844   -0.23214   -0.52188   -0.04505   -0.21439
   0.02599   -0.07165   -0.08941    0.00233   -0.22650    0.10756   -0.46754
  -0.38545   -0.29152   -0.39935   -0.25090   -0.47785    0.47174   -0.71315
   0.48574   -0.10281   -0.06761   -0.04714   -0.21179    0.01049   -0.44460
   0.06379    0.19073    0.18002    0.24734    0.09163    0.31199   -0.66983
   0.99465   -0.15745   -0.17481   -0.07800   -0.32048    0.00425   -0.31188
  -0.35766   -0.18977   -0.27746   -0.15542   -0.38676    0.16548   -0.53261
  -0.29496   -0.08929   -0.16099   -0.04013   -0.25012    0.47468   -0.99087
   0.17008    0.45719    0.46523    0.49903    0.42220    0.68353   -0.69892
  -0.14979    0.21314    0.21438    0.26551    0.11972    0.05809   -0.61185
   0.17466   -0.24256   -0.19775   -0.16302   -0.40421   -0.60702   -0.16875
   0.47451    0.20733    0.24266    0.28414    0.16789    0.42416   -0.45976
   0.01527   -0.06409   -0.21411   -0.02797   -0.28689    0.43132   -0.76150
  -0.02990    0.02299   -0.01253    0.06484   -0.13189    0.27008   -0.67833
  -0.24334   -0.14001   -0.17988   -0.07589   -0.30782    0.06819   -0.63008
  -0.09363   -0.09798   -0.01126   -0.03203   -0.12435   -0.36696   -0.24751
  -0.00575    0.05972    0.06280    0.13694   -0.08120    0.05611   -0.55171
   0.36514    0.27129    0.27553    0.33339    0.17486    0.55341   -0.71278
  -0.04893    0.19000    0.12790    0.25152    0.07059    0.57022   -0.93263
   0.14291   -0.20628   -0.25485   -0.16877   -0.36616    0.38121   -0.68075
  -0.48910    0.02898    0.00083    0.09043   -0.13770    0.19498   -0.57504
   0.70900   -0.47262   -0.41896   -0.43062   -0.61604   -0.85793   -0.26842
   0.09328   -0.07596   -0.10940    0.00230   -0.21563    0.32767   -0.36112
   0.22503   -0.01269   -0.02825    0.04871   -0.13750    0.37950   -0.58827
   0.95422    0.10013    0.13694    0.16867   -0.00110   -0.63931   -0.42164
   0.41713    0.01679    0.02474    0.06694   -0.09155   -0.05933   -0.61375
  -0.24008   -0.09481   -0.16075   -0.02079   -0.25493    0.44896   -0.81747
  -0.48230    0.13416    0.10237    0.18959    0.02571    0.04638   -0.76426
  -0.08885   -0.02989   -0.09316    0.04549   -0.17242    0.52077   -0.45793
   0.20621   -0.16867   -0.13180   -0.08737   -0.30574    0.00431   -0.46926
  -0.48814    0.14901    0.12591    0.18150    0.00235    0.23529   -0.80227
   0.41675   -0.63306   -0.57758   -0.60083   -0.82662   -0.20570   -0.27142
   0.66899    0.35127    0.37204    0.39549    0.27442   -0.94164   -0.54102
   0.21249   -0.19480   -0.19572   -0.12370   -0.36032    0.13852   -0.43083
   0.01554   -0.23593   -0.28547   -0.16213   -0.46005    0.15954   -0.49386
   0.40691    0.09985    0.10693    0.16684   -0.02304    0.61299   -0.86934
   0.95454   -0.03716   -0.00496    0.04190   -0.19354   -0.73040   -0.34529
   0.72929   -0.18666   -0.19981   -0.13862   -0.38220   -0.03630   -0.38115
  -0.05326   -0.09142   -0.18777   -0.02105   -0.28447    0.37565   -0.86146
  -0.02165   -0.02365   -0.11438    0.03699   -0.21230    0.47045   -0.66111
   0.29205    0.54899    0.55401    0.57884    0.51279    0.75983   -0.60466
   0.08956    0.07939    0.04929    0.04179   -0.04524    0.61583   -0.79603
   0.21145   -0.14049   -0.11462   -0.08231   -0.30673   -0.06132   -0.48882
   0.32007    0.02803    0.00881    0.07751   -0.11465    0.66563   -0.82833
   0.31764    0.02363    0.02924    0.08755   -0.07947    0.28599   -0.43421
   0.87468   -0.08384   -0.07879   -0.01895   -0.19790   -0.70523   -0.52721
  -0.56092   -0.12628   -0.16925   -0.09323   -0.30457    0.48203   -0.72411
   0.65266   -0.49125   -0.45713   -0.43167   -0.69813   -0.14875   -0.15676
  -0.71354    0.50499    0.50904    0.54036    0.43269    0.51564   -0.88098
  -0.16555   -0.20204   -0.27328   -0.15235   -0.40351    0.65539   -0.61749
   0.12936    0.04441    0.04585    0.12497   -0.06403    0.49502   -0.59270
  -0.69717   -0.02718   -0.06292    0.04034   -0.19865    0.48890   -0.76850
  -0.35608   -0.08403   -0.14188   -0.00684   -0.29642    0.22595   -0.51796
   0.19019   -0.08872   -0.11924   -0.04316   -0.22601    0.70027   -0.69679
   0.19948   -0.09380   -0.10477   -0.02705   -0.22992    0.16774   -0.48272
   0.04813   -0.17588   -0.21389   -0.11093   -0.35564    0.18238   -0.53711
   0.88309   -0.19248   -0.18838   -0.14583   -0.33220   -0.04402   -0.33543
  -0.01760    0.00846   -0.08641    0.05439   -0.16710    0.59985   -0.79329
   0.52533   -0.05535   -0.03923    0.00399   -0.17244    0.06087   -0.39541
   0.36465    0.46817    0.49128    0.51448    0.42129   -0.00803   -0.54069
  -0.45850    0.20933    0.18271    0.21248    0.10512    0.41343   -0.91681
   0.48170   -0.28148   -0.25334   -0.21850   -0.41463   -0.59760   -0.31900
   0.40745    0.60342    0.61281    0.63038    0.57119    0.81897   -0.47629
   0.06768   -0.19910   -0.23741   -0.15411   -0.35882    0.56269   -0.77568
   0.64014   -0.07294   -0.05241   -0.05213   -0.21442   -0.23997   -0.60554
   0.13084   -0.21372   -0.27644   -0.15488   -0.40808    0.39174   -0.63449
  -0.31538   -0.19560   -0.26138   -0.12912   -0.39799    0.08157   -0.61395
   0.39414    0.01404    0.01486    0.00846   -0.11399   -0.34700   -0.66571
   0.17042    0.00419   -0.00683   -0.02514   -0.13102   -0.02930   -1.21433
   0.55617    0.10456    0.13617    0.16336   -0.00274    0.82479   -0.48335
   0.70562    0.05288    0.06091    0.12826   -0.08309    0.27972   -0.37275
   0.70452   -0.02011   -0.02635    0.05125   -0.14683    0.21856   -0.37422
  -0.34621   -0.31314   -0.36721   -0.23132   -0.46577    0.00437   -0.58377
  -0.63292   -0.16166   -0.12666   -0.09550   -0.29608    0.51653   -0.40891
   0.10816   -0.10342   -0.10852   -0.03234   -0.25328    0.05583   -0.43838
  -0.34239    0.04960   -0.00583    0.11038   -0.10546    0.37196   -0.83201
   0.34152   -0.02877   -0.03444    0.02422   -0.12924    0.31083   -0.64449
   0.85495    0.06886    0.11226    0.12617   -0.02174   -0.58132   -0.36122
  -0.28309   -0.10424   -0.15854   -0.03405   -0.28246    0.03069   -0.69833
   0.17041   -0.05219   -0.06692    0.01601   -0.18737    0.36354   -0.45686
  -0.30082   -0.27584   -0.39322   -0.22361   -0.48750    0.46781   -0.65360
   0.29981   -0.07568   -0.09499   -0.00808   -0.22901    0.65413   -0.64194
  -0.21590   -0.16326   -0.19641   -0.09295   -0.36496    0.01963   -0.55935
  -0.04572   -0.08831   -0.17880   -0.03242   -0.26221    0.40290   -0.96500
   0.20541    0.02814    0.02756    0.07825   -0.09198    0.42784   -0.67122
  -0.51516   -0.13274   -0.15722   -0.04826   -0.29792    0.25706   -0.51238
   0.59421   -0.01578   -0.00357    0.05847   -0.14721    0.33273   -0.43664
   1.00000    0.23858    0.25816    0.28169    0.15374   -0.91770   -0.53133
   0.62051   -0.10350   -0.11248   -0.01829   -0.27972    0.41644   -0.36034
  -0.44676   -0.02334   -0.06640    0.04425   -0.17737    0.28555   -0.53541
  -0.01010    0.00118   -0.04893    0.07082   -0.16637    0.21101   -0.59535
  -0.16945   -0.47335   -0.44481   -0.40762   -0.61501   -0.19190   -0.33244
  -0.53313   -0.00790   -0.02567    0.05370   -0.13290    0.09111   -0.58491
   0.15592   -0.25423   -0.28310   -0.18083   -0.43298    0.38476   -0.40408
   0.86410   -0.23490   -0.22131   -0.16270   -0.36168   -0.73244   -0.37662
  -0.22654    0.01676   -0.04051    0.07501   -0.12594    0.50584   -0.77339
  -0.56005    0.53465    0.53198    0.57682    0.46536    0.50411   -0.73468
   0.31729   -0.18457   -0.19182   -0.13976   -0.37945    0.07546   -0.46933
  -0.23173   -0.06320   -0.11323    0.01218   -0.23385    0.24313   -0.62575
   0.11599   -0.10975   -0.14312   -0.03613   -0.23758    0.22970   -0.37157
  -0.19561    0.23835    0.22984    0.24922    0.11571   -0.08985   -1.03092
   0.31810   -0.03722   -0.02266    0.03949   -0.14789    0.31986   -0.44020
  -0.28898    0.04454    0.05383    0.11438   -0.04980    0.48247   -0.80058
   0.59433    0.00447    0.01662    0.07050   -0.10529    0.09523   -0.39832
  -0.01695   -0.00016   -0.02820    0.07558   -0.18495    0.14245   -0.55450
   0.03630    0.16842    0.13582    0.23557    0.05277    0.52301   -0.76191
   0.78007   -0.21627   -0.19410   -0.17145   -0.33675   -0.38165   -0.59110
  -0.62315   -0.23817   -0.27343   -0.17556   -0.43726    0.44954   -0.55080
   0.87282   -0.31493   -0.33991   -0.24473   -0.52470    0.00387   -0.30823
  -0.21009    0.10481    0.02328    0.15409   -0.03783    0.49151   -0.96986
   0.04934   -0.20696   -0.18866   -0.14299   -0.34074   -0.07825   -0.46784
   0.29916    0.01722    0.04268    0.06024   -0.09696   -0.09115   -0.56525
   0.28990    0.37931    0.39403    0.42175    0.31064    0.67585   -0.78348
   0.62124   -0.01278   -0.00712    0.02640   -0.13414    0.05915   -0.34776
   0.48147    0.12389    0.15187    0.18208    0.01989   -0.90875   -0.48001
  -0.52851   -0.04671   -0.11462    0.00056   -0.19749    0.15258   -0.44342
   0.08903    0.12104    0.06446    0.18754   -0.02564    0.52394   -0.72208
  -0.53292   -0.06623   -0.12094    0.00056   -0.22252    0.10922   -0.40526
   0.56490   -0.08687   -0.07909   -0.01600   -0.22472    0.15644   -0.29877
  -0.42507   -0.17277   -0.24962   -0.11548   -0.37441    0.45846   -0.69834
   0.35367   -0.21694   -0.19206   -0.15604   -0.36145   -0.07454   -0.51703
  -0.11299   -0.27779   -0.33291   -0.20097   -0.47112    0.28442   -0.68188
   0.38263    0.17823    0.18936    0.23580    0.10390    0.47001   -0.60829
  -0.07120   -0.10693   -0.18265   -0.04434   -0.28757    0.39839   -0.82407
   0.32357    0.18071    0.16782    0.24569    0.06458    0.58127   -0.73917
   0.56682   -0.41191   -0.41757   -0.38609   -0.59708   -0.20193   -0.43606
   0.27976   -0.08583   -0.08798   -0.01796   -0.22543    0.52375   -0.62021
  -0.25848    0.22072    0.19896    0.26771    0.10041    0.59851   -0.89884
   0.08843   -0.02244   -0.01981    0.04515   -0.12528    0.28466   -0.47760
  -0.36953   -0.11234   -0.17768   -0.07928   -0.29972    0.27291   -0.43246
   0.19175    0.24693    0.29751    0.29800    0.23693    0.67063   -0.46420
   0.85486   -0.45411   -0.47271   -0.38913   -0.60910   -0.19164   -0.22799
   0.63245    0.31577    0.33061    0.36715    0.24694    0.27998   -0.37235
  -0.04574   -0.04339   -0.11273    0.03397   -0.23455    0.50930   -0.45718
  -0.32409   -0.15943   -0.24962   -0.14798   -0.35720    0.19061   -0.53063
   0.06834   -0.64212   -0.61137   -0.59643   -0.79308   -0.76694   -0.21243
  -0.12280    0.15851    0.10621    0.20537    0.01306    0.62009   -0.90082
   0.07430   -0.11708   -0.08737   -0.06255   -0.26331   -0.61311   -0.32537
   0.31773   -0.19910   -0.17061   -0.13955   -0.34706    0.01130   -0.50456
  -0.16759    0.15147    0.11488    0.20920    0.04714    0.54351   -0.89591
   0.35234    0.61816    0.64547    0.61583    0.63107    0.78297   -0.57530
   0.48990    0.31478    0.32046    0.36703    0.26493    0.28841   -0.40648
   0.67983    0.01352    0.01303    0.09043   -0.11767    0.44939   -0.48051
  -0.45796   -0.05645   -0.11872    0.00318   -0.23276   -0.02342   -0.87418
   0.58775    0.02940    0.03578    0.08877   -0.09347    0.18723   -0.44298
  -0.30997   -0.27460   -0.37036   -0.21428   -0.44987    0.38116   -0.67703
   0.47330    0.19209    0.22398    0.25379    0.13757    0.39117   -0.41391
   0.11664    0.11871    0.10741    0.17801    0.01951    0.46735   -0.61636
   0.59464   -0.13162   -0.11224   -0.05165   -0.25533    0.10802   -0.33888
  -0.37252    0.01811   -0.01516    0.09755   -0.11849    0.00299   -0.70472
   0.00852   -0.04567   -0.12692   -0.01260   -0.20366    0.64606   -0.82929
  -0.24878   -0.17257   -0.19259   -0.09601   -0.34098   -0.03001   -0.63701
   0.86912   -0.51815   -0.48367   -0.45574   -0.70457   -0.39099   -0.17217
   0.67896   -0.24099   -0.23747   -0.14791   -0.43782    0.41650   -0.22925
   0.28848   -0.29932   -0.28877   -0.22283   -0.47863   -0.01223   -0.42286
   0.34254   -0.14671   -0.14181   -0.07162   -0.27552    0.32587   -0.37282
   0.04197   -0.05574   -0.11478    0.01866   -0.20216    0.32057   -0.53328
   0.13213    0.04535    0.02926    0.12009   -0.06382    0.45918   -0.62630
   0.54759   -0.64874   -0.58499   -0.58711   -0.82846   -0.66729   -0.05327
   0.74970   -0.15087   -0.14474   -0.07021   -0.33429    0.12547   -0.28119
   0.22702    0.00666    0.00967    0.05383   -0.11890    0.32061   -0.60562
  -0.15126    0.41457    0.40842    0.45473    0.33476    0.37981   -0.71569
   0.43385   -0.06542   -0.05464   -0.00961   -0.19503    0.16915   -0.48027
  -0.20962   -0.05430   -0.10298    0.01372   -0.22737    0.24429   -0.56464
   0.51504    0.00480   -0.02234    0.06291   -0.11965   -0.00909   -0.40803
  -0.59019    0.13631    0.16603    0.20008    0.04944    0.49672   -0.60838
   0.16051    0.32617    0.37867    0.29391    0.32844    0.66471   -0.64652
   0.74535   -0.39095   -0.36196   -0.33456   -0.56984   -0.49535   -0.30111
  -0.17241   -0.23810   -0.26017   -0.16810   -0.42303   -0.12850   -0.57476
   0.76204   -0.01400   -0.03728    0.06352   -0.17605    0.05837   -0.31341
  -0.16266    0.37824    0.35631    0.37760    0.25942    0.60372   -1.32747
   0.23554    0.14775    0.18203    0.22472    0.08845    0.33242   -0.51885
   0.24835   -0.15208   -0.18137   -0.08180   -0.31247    0.62914   -0.74473
   0.71873   -0.14567   -0.10539   -0.08216   -0.27347   -0.51575   -0.39698
  -0.20069   -0.28232   -0.34035   -0.22026   -0.49359   -0.01345   -0.57124
   0.74122   -0.34783   -0.41466   -0.26933   -0.58151   -0.11671   -0.21830
   0.12666    0.19509    0.19313    0.24986    0.09828    0.36042   -0.67913
   0.29000    0.06856    0.06105    0.12313   -0.08863    0.63377   -0.78021
  -0.52326    0.01584   -0.00016    0.08590   -0.13534    0.22351   -0.62384
   0.22659    0.30046    0.30977    0.34392    0.19589   -0.90696   -0.51606
   0.09823   -0.19408   -0.29028   -0.14342   -0.40394    0.43021   -0.64325
   0.35786   -0.18777   -0.15639   -0.12040   -0.31509   -0.24964   -0.57329
   0.33208   -0.06875   -0.03927   -0.00073   -0.18552   -0.00774   -0.59279
   0.08676   -0.15470   -0.18914   -0.08107   -0.29265    0.38617   -0.60934
   0.41656    0.05473    0.05969    0.12353   -0.05796    0.38381   -0.55022
   0.16894   -0.32078   -0.29463   -0.25770   -0.47666   -0.26857   -0.38199
   0.37708   -0.27159   -0.27290   -0.20643   -0.46002    0.68578   -0.45389
  -0.44265    0.05098    0.00885    0.09244   -0.10825    0.09979   -0.66368
   0.15564    0.25167    0.29830    0.21454    0.24693    0.66527   -0.73560
  -0.00458   -0.02238   -0.07633    0.04021   -0.17362    0.52402   -0.73662
  -0.28240   -0.30729   -0.32598   -0.24184   -0.46940   -0.11641   -0.48491
   0.09137   -0.28061   -0.32251   -0.24460   -0.43703    0.57166   -0.77238
   0.09156   -0.13879   -0.23475   -0.09060   -0.32584    0.46583   -0.65362
  -0.55989    0.05110    0.03359    0.13268   -0.04436    0.05393   -0.69711
   0.43041    0.31568    0.34314    0.37899    0.26416    0.15277   -0.43108
   0.44834    0.06641    0.06949    0.12365   -0.06837    0.76974   -0.43179
  -0.31976   -0.46290   -0.48242   -0.38122   -0.63386   -0.11639   -0.55013
   0.28033    0.01359    0.02280    0.07305   -0.09000    0.33360   -0.47156
   0.26550   -0.16007   -0.14705   -0.09534   -0.32276    0.00712   -0.46456
  -0.39861   -0.04071   -0.08705    0.01326   -0.20876    0.28716   -0.53743
   0.29474    0.28076    0.28547    0.34181    0.16606    0.62060   -0.75971
   0.54130   -0.18678   -0.12722   -0.14097   -0.28823   -0.63789   -0.28170
   0.02912   -0.18632   -0.25714   -0.10602   -0.39647    0.20813   -0.36407
   0.77642   -0.09952   -0.06840   -0.04104   -0.21422   -0.75115   -0.58183
  -0.25046   -0.11074   -0.17800   -0.05078   -0.29426    0.50129   -0.77184
   0.50106   -0.11733   -0.14334   -0.14076   -0.29868   -0.03722   -0.53553
  -0.28415   -0.05343   -0.10054   -0.00585   -0.18346   -0.22688   -0.76284
  -0.44687   -0.10014   -0.13026   -0.01781   -0.25041    0.13287   -0.58214
   0.28114    0.47223    0.48437    0.53967    0.40067    0.58123   -0.72009
   0.74848   -0.35178   -0.34069   -0.27521   -0.53396    0.26565   -0.25680
   0.57171   -0.43496   -0.38979   -0.37751   -0.64421   -0.54019   -0.08686
  -0.04920   -0.00001   -0.05742    0.04158   -0.15330    0.59849   -1.01269
  -0.02030   -0.00805   -0.09440    0.07149   -0.18206    0.53641   -0.72205
   0.49564    0.20158    0.21797    0.25371    0.10787    0.65790   -0.58536
   0.42726    0.07919    0.08995    0.13195   -0.00466    0.23314   -0.53571
   0.03889    0.55179    0.59262    0.58257    0.55710   -0.93382   -0.63100
  -0.05976   -0.06272   -0.10248    0.01113   -0.18398    0.31226   -0.85809
   0.32036    0.72469    0.73440    0.41889    0.73068    0.77527   -0.97797
   0.61638   -0.66069   -0.61715   -0.62557   -0.88037   -0.58127   -0.07956
   0.49652    0.10099    0.09447    0.14520   -0.02578    0.18412   -0.42379
   0.46426   -0.49354   -0.44400   -0.45098   -0.65177   -0.27733   -0.35334
  -0.17476    0.05671    0.01252    0.12383   -0.11147    0.04305   -0.72639
  -0.41099   -0.19324   -0.26572   -0.14393   -0.40951    0.36037   -0.22637
  -0.43592   -0.00450   -0.07538    0.02427   -0.19675    0.35256   -0.70543
  -0.46634   -0.41776   -0.48068   -0.39394   -0.61849   -0.30391   -0.72937
  -0.32048   -0.24169   -0.27691   -0.19081   -0.36577   -0.24388   -0.69482
  -0.13240   -0.26774   -0.25742   -0.19452   -0.38236   -0.19198   -0.46164
  -0.57567    0.07900    0.03925    0.15009   -0.02065    0.03912   -0.86508
   0.78856   -0.25185   -0.24126   -0.17888   -0.46022    0.19987   -0.23771
  -0.40791   -0.04523   -0.11682    0.01872   -0.23455    0.15003   -0.50318
   0.45641   -0.13164   -0.10958   -0.06968   -0.25367    0.04531   -0.45389
  -0.02507   -0.27617   -0.29567   -0.20725   -0.43754    0.24530   -0.51247
  -0.15104    0.58725    0.57861    0.61236    0.52130    0.21292   -0.57165
   0.50061    0.14287    0.13893    0.18765    0.02014    0.71536   -0.65259
   0.42683    0.18226    0.17472    0.16746    0.07109    0.08667   -0.42655
   0.08729   -0.07567   -0.08809   -0.01143   -0.20516    0.31470   -0.33802
   0.50512   -0.16638   -0.14984   -0.10117   -0.32936   -0.66691   -0.36576
   0.13117   -0.13956   -0.25423   -0.08493   -0.34577    0.44277   -0.77475
   0.27780    0.01556    0.01079    0.07492   -0.09067    0.54170   -0.65120
  -0.29618   -0.13296   -0.17862   -0.06423   -0.33113    0.13252   -0.70433
   0.24391   -0.10123   -0.09371   -0.01701   -0.25265    0.09924   -0.49086
  -0.40432   -0.11723   -0.12639   -0.05453   -0.29831   -0.41783   -0.52711
   0.04154    0.17101    0.07646    0.23643    0.04471    0.47779   -0.73752
  -0.15121    0.00676   -0.01941    0.07005   -0.13697   -0.08692   -0.67243
  -0.20257    0.16908    0.16593    0.22823    0.04788    0.09770   -0.58232
  -0.05230   -0.20005   -0.30797   -0.13067   -0.39997    0.36205   -0.65509
   0.61787   -0.43535   -0.40930   -0.36708   -0.62488   -0.19824   -0.22519
  -0.02484   -0.24875   -0.31901   -0.24856   -0.38518    0.67058   -0.74801
  -0.10730   -0.01856   -0.02904    0.06398   -0.16434   -0.03395   -0.66859
  -0.33243    0.09525    0.02086    0.13028   -0.03937    0.38473   -0.96533
  -0.55458    0.22745    0.23896    0.29843    0.16427    0.21040   -0.54502
   0.74103   -0.30359   -0.31069   -0.24209   -0.49735   -0.05940   -0.24209
   0.23932   -0.00085   -0.00195    0.05888   -0.13180    0.15174   -0.52719
   0.65365    0.18529    0.18868    0.22034    0.07091    0.16367   -0.40223
  -0.05581   -0.01545   -0.01901    0.05941   -0.17462    0.09986   -0.45391
   0.84345    0.11069    0.13228    0.15440    0.03787   -0.16079   -0.34789
   0.32494    0.03371    0.05269    0.10098   -0.07218    0.36829   -0.45131
  -0.59716    0.01439   -0.03245    0.02660   -0.14739   -0.18480   -0.87666
   0.04058   -0.34675   -0.33367   -0.26209   -0.53982   -0.01147   -0.49248
  -0.59601    0.10721    0.11687    0.16867   -0.00445    0.51265   -0.69416
   0.78647   -0.34922   -0.30429   -0.28710   -0.50384   -0.77695   -0.35163
   0.00138    0.16869    0.13613    0.19393    0.04223    0.33543   -0.85375
   0.30977    0.30110    0.32331    0.33589    0.22339   -0.33686   -0.54856
  -0.31963   -0.19296   -0.17649   -0.22806   -0.29766   -0.47026   -0.62702
   0.17444   -0.33648   -0.30835   -0.25340   -0.51228   -0.08093   -0.30981
  -0.49081   -0.27261   -0.29558   -0.20067   -0.46835   -0.10225   -0.64439
   0.53831   -0.15437   -0.13246   -0.08061   -0.27361    0.11069   -0.40342
   0.32808   -0.05127   -0.02696    0.01619   -0.16472   -0.13757   -0.59376
   0.21136    0.09370    0.09892    0.16399    0.00812    0.33461   -0.58692
  -0.08572    0.05016    0.05504    0.13306   -0.04932    0.01403   -0.62192
   0.04489    0.06060    0.05880    0.12274   -0.08595    0.03775   -0.54509
  -0.06801    0.51139    0.50565    0.53256    0.45125    0.32269   -0.71266
   0.40291    0.50304    0.46478    0.52142    0.41273    0.87704   -0.59474
   0.98980   -0.37905   -0.35502   -0.30537   -0.54624   -0.20268   -0.30983
   0.27853    0.10777    0.12981    0.16081    0.02419    0.45611   -0.50309
   0.51698    0.29304    0.31529    0.35072    0.21375    0.77896   -0.48465
  -0.07743    0.02990   -0.03588    0.08109   -0.11530    0.22989   -0.76453
   0.79735   -0.34675   -0.36020   -0.27868   -0.53582   -0.23087   -0.28657
  -0.04995   -0.18632   -0.21787   -0.10302   -0.40657    0.14486   -0.54573
   0.33287    0.11667    0.10528    0.18760   -0.00638    0.71416   -0.72047
   0.14487   -0.18283   -0.22965   -0.12448   -0.35171    0.40846   -0.66148
   0.86289    0.08180    0.09427    0.13730   -0.03118   -0.83174   -0.58666
   0.35601   -0.20448   -0.17130   -0.14011   -0.33122   -0.20284   -0.42202
  -0.38054    0.03686   -0.01828    0.08058   -0.11052    0.45886   -0.70997
   0.09358   -0.05178   -0.07004    0.03014   -0.15581    0.23142   -0.38194
   0.55697   -0.48239   -0.50416   -0.44672   -0.72828   -0.17100   -0.38271
   0.53898    0.17910    0.20008    0.23785    0.11828    0.27160   -0.35372
   0.51569    0.13922    0.14783    0.21003    0.06757    0.44846   -0.47304
   0.33617    0.03085    0.02030    0.05649   -0.11762    0.66603   -0.87618
   0.08198   -0.32385   -0.44441   -0.25234   -0.56333    0.43503   -0.79445
  -0.24465    0.03334   -0.00041    0.06565   -0.09633   -0.20862   -0.81549
   0.86742   -0.14264   -0.11052   -0.08604   -0.30069   -0.46987   -0.31308
  -0.41600   -0.00503   -0.06697    0.01598   -0.16769    0.41411   -0.91723
  -0.59708    0.13643    0.11417    0.19129    0.03400    0.23221   -0.32439
   0.35841    0.60091    0.62264    0.64466    0.61376    0.79650   -0.47121
   0.35660   -0.07862   -0.06106   -0.01077   -0.18324    0.18292   -0.37980
   0.83274   -0.25398   -0.23170   -0.21839   -0.42173   -0.60125   -0.52113
   0.66881    0.08040    0.10472    0.12727   -0.01959   -0.97129   -0.45810
   0.23698   -0.29859   -0.25658   -0.21982   -0.47868   -0.08118   -0.32193
  -0.64284   -0.46554   -0.53058   -0.42510   -0.69744   -0.15887   -0.39393
  -0.51073   -0.15155   -0.19322   -0.08774   -0.30460    0.50449   -0.69663
   0.13424   -0.04664   -0.04041    0.02299   -0.16804    0.02233   -0.59674
  -0.39403   -0.34128   -0.38016   -0.30590   -0.45913   -0.21338   -0.59108
   0.19995   -0.04176    0.03011    0.03705   -0.05391   -0.31828   -0.34887
  -0.19918   -0.03694   -0.10138    0.02986   -0.21277    0.26144   -0.72498
  -0.35490    0.71395    0.71943    0.74404    0.70521   -0.03031   -0.75887
   0.16104   -0.17773   -0.11007   -0.16205   -0.20251    0.66215   -0.48230
   0.02484   -0.15035   -0.22407   -0.32686   -0.32347    0.67867   -1.11184
   0.19719   -0.12612   -0.14980   -0.05390   -0.29436    0.61133   -0.60953
   0.67228    0.03780    0.01391    0.06159   -0.11473    0.14208   -0.40396
  -0.39743    0.14596    0.14864    0.21593    0.04755    0.21101   -0.62112
   0.41430   -0.60107   -0.56283   -0.53628   -0.82349   -0.18443   -0.43469
  -0.12513    0.04883    0.03038    0.10368   -0.07627    0.34777   -0.70944
   0.25300   -0.30312   -0.28416   -0.23961   -0.47103   -0.25718   -0.31011
   0.73407   -0.11270   -0.10858   -0.03159   -0.27817    0.19634   -0.30371
   0.04921   -0.15331   -0.13888   -0.07143   -0.31362    0.00630   -0.60933
   0.76177   -0.19155   -0.18247   -0.11480   -0.36199    0.38546   -0.21006
   0.41808   -0.63072   -0.59367   -0.57746   -0.83340   -0.12460   -0.27376
  -0.28294   -0.37551   -0.43847   -0.30839   -0.58586   -0.17164   -0.54768
  -0.12643    0.04046    0.02145    0.09687   -0.07930    0.59158   -0.89916
   0.35135    0.23976    0.27531    0.31006    0.18254    0.74988   -0.62233
   0.58888    0.03629    0.02275    0.11812   -0.09882    0.46218   -0.45134
   0.11133   -0.05436   -0.08437   -0.02247   -0.19148    0.40058   -0.83219
  -0.22112   -0.08500   -0.16916   -0.01862   -0.25387    0.45782   -0.73173
  -0.00316    0.01238   -0.07327    0.07911   -0.13991    0.48833   -0.71480
   0.05426   -0.02794   -0.05075    0.01887   -0.15594    0.39046   -0.72782
  -0.43364   -0.15916   -0.21876   -0.08673   -0.31166   -0.14301   -0.70267
  -0.32024   -0.43831   -0.46851   -0.37286   -0.61649   -0.15303   -0.39253
  -0.02058   -0.24532   -0.22040   -0.15871   -0.37273   -0.08489   -0.37310
  -0.02118    0.08531    0.02293    0.14938   -0.05223    0.49307   -0.76034
   0.25922    0.06443    0.06084    0.13112   -0.06372    0.50950   -0.74604
   0.17234   -0.32422   -0.35333   -0.25208   -0.52253    0.51343   -0.39627
  -0.21752   -0.07140   -0.13842   -0.02333   -0.25573    0.52258   -0.79028
   0.29678    0.26321    0.25990    0.28880    0.18848    0.24990   -0.60183
   0.42294    0.46584    0.49722    0.51968    0.40360    0.88953   -0.47243
   0.07152   -0.30350   -0.32272   -0.25810   -0.46932    0.56851   -0.73998
  -0.46936    0.19546    0.17227    0.23079    0.09638   -0.16027   -0.81520
  -0.13423    0.05895    0.00222    0.07413   -0.13497   -0.47928   -1.00020
   0.14563   -0.01130   -0.02249    0.06095   -0.15734    0.31241   -0.52411
   0.17182   -0.13759   -0.10789   -0.06794   -0.24977   -0.82206   -0.56900
   0.15692    0.01967   -0.00008    0.07102   -0.10526    0.14113   -0.58960
   0.11988   -0.01721   -0.00142    0.03485   -0.10800    0.37005   -0.68396
  -0.10215    0.11543    0.05456    0.12128   -0.03952    0.20719   -0.87687
   0.44914    0.29396    0.29517    0.34930    0.18417    0.58310   -0.59627
   0.02914   -0.30242   -0.29472   -0.22531   -0.47189   -0.23444   -0.35727
   0.16851    0.06963    0.07305    0.12355   -0.01127    0.39528   -0.77048
  -0.59065   -0.49654   -0.51886   -0.43523   -0.68570   -0.15473   -0.45979
   0.52538   -0.02248   -0.00840    0.02757   -0.16702   -0.76700   -0.47651
   0.20997    0.34666    0.33945    0.38653    0.26727    0.75180   -0.62986
  -0.48941   -0.21017   -0.23407   -0.13142   -0.40303    0.24488   -0.41147
   0.48557   -0.16623   -0.13888   -0.10602   -0.28795    0.04386   -0.36820
  -0.18682    0.34157    0.34706    0.38217    0.26618    0.33102   -0.75942
   0.14027    0.63328    0.65301    0.69963    0.62655    0.19347   -0.37609
   0.98873   -0.19735   -0.18403   -0.15990   -0.35045   -0.60398   -0.52355
  -0.42785   -0.12340   -0.15458   -0.04535   -0.28416   -0.06037   -0.65155
  -0.25174    0.26044    0.25162    0.29813    0.17247   -0.09847   -0.75428
   0.45383    0.57438    0.56331    0.47291    0.48277    0.88102   -0.85551
   0.21012    0.08335    0.06386    0.14132   -0.03094    0.63208   -0.63691
  -0.07274    0.15345    0.15372    0.21238    0.05721    0.41409   -0.63906
   0.34083    0.41699    0.41837    0.47545    0.33716    0.53505   -0.52545
  -0.11552   -0.17243   -0.23224   -0.09606   -0.35794    0.27603   -0.61771
   0.08308    0.14822    0.16565    0.21374    0.05379   -0.07664   -0.59512
   0.85442   -0.68888   -0.64929   -0.64155   -0.88356   -0.43595   -0.27068
  -0.24830    0.40557    0.38801    0.40843    0.30917    0.53032   -0.98854
   0.06555   -0.18496   -0.23835   -0.13203   -0.36056    0.37959   -0.55520
  -0.37203   -0.08291   -0.13218   -0.05284   -0.23764    0.42714   -0.92745
  -0.38298   -0.08071   -0.07421   -0.00636   -0.17185   -0.06763   -0.64526
  -0.25582    0.41645    0.43360    0.46558    0.38388    0.40067   -0.78958
   0.58138    0.00203    0.04825    0.08139   -0.12203    0.87282   -0.34527
   0.18578   -0.16702   -0.19931   -0.10135   -0.34896    0.52469   -0.55617
  -0.41436   -0.02818   -0.08050    0.03471   -0.17173    0.07715   -0.54044
   0.38328   -0.02539   -0.00695    0.04047   -0.15772    0.70295   -0.67515
   0.09598   -0.12716   -0.17983   -0.04895   -0.27982    0.67524   -0.71662
   0.07164    0.06898    0.01406    0.00605   -0.10106    0.13109   -1.35323
  -0.18546    0.09690    0.04684    0.15919   -0.04285    0.35033   -0.91853
  -0.07862   -0.07954   -0.15125   -0.00881   -0.27285    0.16973   -0.64851
  -0.20566    0.42887    0.45198    0.42888    0.38041   -0.85150   -0.56142
  -0.84741   -0.71993   -0.82886   -0.91325   -0.80292   -0.05992   -0.69848
   0.41748   -0.63693   -0.59745   -0.59045   -0.86022   -0.14352   -0.30061
   0.02898   -0.08704   -0.11181   -0.01506   -0.24099    0.53769   -0.61003
   0.50689    0.04652    0.07365    0.08621   -0.07808    0.81958   -0.48203
   0.17859    0.11145    0.14728    0.16337    0.07509    0.64583   -0.63296
  -0.42896    0.18393    0.20204    0.24430    0.16711   -0.21548   -0.56962
  -0.24470   -0.20789   -0.26017   -0.16077   -0.36540   -0.19015   -0.60547
   0.26273    0.25383    0.26112    0.31715    0.17096    0.47468   -0.55907
