   0.46179    0.21381    0.20946    0.19782    0.08569    0.68687   -0.83315
  -0.43644    0.04271   -0.01220   -0.02940   -0.12355    0.51070   -1.72616
  -0.50160   -0.12504   -0.19577   -0.06213   -0.28493   -0.02098   -0.66604
  -0.69717   -0.02718   -0.06292    0.04034   -0.19865    0.48890   -0.76850
   0.06564    0.00546   -0.02673    0.08191   -0.12582    0.26066   -0.47747
   0.80035   -0.27116   -0.27613   -0.20157   -0.45145   -0.09220   -0.33020
  -0.39958   -0.21769   -0.26853   -0.17086   -0.39471    0.43965   -0.64644
  -0.60030    0.78941    0.79059    0.81656    0.79822    0.01862   -0.85030
   0.26603   -0.34538   -0.31961   -0.26947   -0.55536   -0.01129   -0.41859
   0.09823   -0.19408   -0.29028   -0.14342   -0.40394    0.43021   -0.64325
  -0.11297   -0.01233   -0.02860    0.02094   -0.13457   -0.10898   -0.67564
  -0.17196    0.05717   -0.00734    0.11906   -0.11735    0.63529   -0.78040
  -0.02666   -0.15015   -0.23297   -0.07429   -0.38040    0.17851   -0.63448
   0.00117   -0.20151   -0.30863   -0.13645   -0.42266    0.36349   -0.59947
  -0.57248   -0.05405   -0.07769    0.01519   -0.22453    0.45661   -0.59861
   0.99794   -0.37301   -0.36812   -0.29896   -0.53613   -0.26730   -0.30307
  -0.12884   -0.00723   -0.09050    0.06211   -0.17328    0.41219   -0.58814
  -0.40600   -0.19180   -0.29724   -0.15281   -0.40107    0.42817   -0.71042
   0.18058   -0.31210   -0.24842   -0.24473   -0.42952   -0.34594   -0.28750
   0.22153   -0.13318   -0.10747   -0.09038   -0.26280   -0.79198   -0.62771
  -0.06764    0.11478    0.06701    0.17735   -0.04039    0.46181   -0.84096
   0.94269    0.07633    0.11662    0.11919   -0.02146   -0.94158   -0.53640
   0.95459   -0.19848   -0.18288   -0.16141   -0.34021   -0.32175   -0.50107
  -0.83709   -0.32762   -0.42753   -0.28006   -0.51218   -0.09742   -0.51552
  -0.59665   -0.18576   -0.19381   -0.11761   -0.36604    0.37717   -0.40289
   0.17514    0.25496    0.24253    0.31760    0.18233    0.41574   -0.71262
  -0.11789   -0.01935   -0.09920    0.01531   -0.17842    0.18568   -0.70737
   0.00740    0.03384   -0.01552    0.09349   -0.10314    0.53713   -0.73244
   0.15592   -0.25423   -0.28310   -0.18083   -0.43298    0.38476   -0.40408
  -0.36216    0.17356    0.17734    0.21464    0.07573    0.08184   -0.72798
   0.41460    0.19593    0.20464    0.26346    0.11226    0.41862   -0.53775
   0.19719   -0.12612   -0.14980   -0.05390   -0.29436    0.61133   -0.60953
  -0.24470   -0.20789   -0.26017   -0.16077   -0.36540   -0.19015   -0.60547
  -0.13541   -0.22640   -0.30594   -0.16342   -0.42238    0.37116   -0.65525
   0.44462    0.29514    0.30623    0.35403    0.21420    0.40606   -0.53983
   0.36861    0.25453    0.25715    0.30695    0.14217    0.66619   -0.74740
   0.26690    0.32990    0.32068    0.31772    0.24280    0.27283   -0.68998
  -0.24465    0.03334   -0.00041    0.06565   -0.09633   -0.20862   -0.81549
  -0.27898    0.06673    0.03922    0.12346   -0.07678    0.01235   -0.80195
  -0.06207    0.41396    0.41695    0.40509    0.35299   -0.89688   -0.87460
   0.71384   -0.01109    0.00680    0.05375   -0.11836    0.07601   -0.35887
  -0.27023   -0.06812   -0.11202   -0.02340   -0.23007    0.21614   -0.53649
  -0.08612    0.14923    0.08526    0.21411    0.01744    0.50771   -0.75843
   0.37280    0.02802    0.02817    0.10068   -0.08874    0.37099   -0.60188
   0.27272    0.56405    0.59087    0.61161    0.55691    0.72588   -0.57005
   0.20689    0.25142    0.24773    0.30112    0.14716    0.30130   -0.59266
  -0.24256   -0.22524   -0.25430   -0.15737   -0.39511   -0.06784   -0.57392
   0.89438   -0.41617   -0.46062   -0.34499   -0.62269   -0.15617   -0.23956
   0.88401   -0.40189   -0.37918   -0.34002   -0.53877   -0.06354   -0.16751
  -0.02622   -0.25444   -0.33238   -0.19772   -0.40387    0.52993   -0.78496
  -0.47679   -0.13435   -0.19856   -0.09235   -0.29095   -0.27421   -0.77000
   0.10087    0.11223    0.07744    0.16908   -0.03171    0.59297   -0.81714
   0.80210    0.06370    0.07307    0.14262   -0.07688    0.06528   -0.31078
   0.61262   -0.04701   -0.02550    0.01013   -0.08503   -0.34012   -0.73315
   0.17946   -0.21778   -0.23804   -0.16037   -0.39925    0.57764   -0.46968
   0.28867    0.08656    0.08965    0.13947   -0.04593    0.47679   -0.61323
   0.07164    0.06898    0.01406    0.00605   -0.10106    0.13109   -1.35323
   0.79905    0.07903    0.09058    0.13628   -0.04191    0.14178   -0.41754
   0.48265    0.05229    0.05310    0.10259   -0.08166    0.62492   -0.64576
   0.36351   -0.16317   -0.13594   -0.10678   -0.24597   -0.51666   -0.69987
  -0.31538   -0.19560   -0.26138   -0.12912   -0.39799    0.08157   -0.61395
   0.34152   -0.09279   -0.09625   -0.05547   -0.23124    0.68025   -0.70764
   0.85495    0.06886    0.11226    0.12617   -0.02174   -0.58132   -0.36122
   0.52319   -0.29262   -0.31107   -0.31001   -0.52441   -0.16987   -0.74828
  -0.21798   -0.00769   -0.09597    0.01277   -0.19214    0.58438   -0.91017
   0.31006   -0.11245   -0.09410   -0.04706   -0.23948   -0.00762   -0.52494
  -0.35330   -0.15277   -0.21548   -0.07439   -0.35497    0.15778   -0.43864
  -0.41548   -0.46313   -0.55252   -0.42681   -0.67678    0.40161   -0.51422
   0.79946    0.31418    0.30724    0.36454    0.22652   -0.87669   -0.66730
  -0.73151    0.36420    0.35367    0.46182    0.23378    0.47621   -0.57856
  -0.27832    0.75705    0.78329    0.78843    0.76613   -0.77208   -0.58974
   0.16990   -0.20655   -0.18348   -0.13700   -0.31771   -0.52174   -0.36012
   0.14406   -0.23004   -0.27520   -0.17307   -0.43633    0.58510   -0.49686
   0.48773   -0.24454   -0.21296   -0.18434   -0.37411   -0.55213   -0.31104
   0.14553    0.25410    0.25226    0.25499    0.16564   -0.91709   -0.54182
  -0.43714   -0.04003   -0.09664    0.03168   -0.19311    0.06281   -0.75459
   0.26574    0.02458    0.03017    0.06246   -0.08288    0.23162   -0.50423
   0.11527    0.37837    0.38055    0.43354    0.31030    0.50845   -0.62073
  -0.30821   -0.19037   -0.24094   -0.14147   -0.35448    0.44320   -0.81578
  -0.45630   -0.15095   -0.21101   -0.06857   -0.33751    0.21535   -0.36887
  -0.54921   -0.09155   -0.14126   -0.04438   -0.21723    0.16273   -0.47412
   0.06600   -0.23928   -0.28604   -0.16636   -0.40728    0.27166   -0.45628
   0.50688    0.33541    0.36771    0.39001    0.27010    0.87718   -0.52515
   0.80079   -0.45077   -0.41449   -0.38364   -0.63150   -0.49185   -0.31416
   0.29987   -0.13292   -0.12322   -0.07310   -0.26313   -0.04318   -0.60237
   0.46565   -0.24243   -0.22085   -0.18407   -0.37637   -0.23011   -0.49666
   0.38969    0.27301    0.27555    0.33985    0.20119    0.35539   -0.66127
   0.50339    0.17986    0.17584    0.22692    0.05872    0.68381   -0.54500
  -0.25262    0.03798   -0.01479    0.11406   -0.11785    0.33040   -0.70027
   0.33591    0.61736    0.64117    0.65189    0.61858    0.77166   -0.44253
   0.10974   -0.06697   -0.07399   -0.00163   -0.15861    0.20282   -0.36418
   0.00338   -0.24965   -0.26935   -0.20653   -0.42966    0.27697   -0.71449
   0.22166    0.24950    0.23551    0.27989    0.15106    0.63954   -0.75634
   0.64121   -0.11661   -0.13570   -0.04561   -0.25716    0.05972   -0.34894
   0.23676   -0.10706   -0.09560   -0.04083   -0.23565    0.08383   -0.45205
   0.09378   -0.45238   -0.41046   -0.38202   -0.60133   -0.14052   -0.28429
   0.59403   -0.17216   -0.16959   -0.12805   -0.34813   -0.04245   -0.30639
  -0.06928   -0.11500   -0.12938   -0.03053   -0.31074    0.15678   -0.53281
  -0.12280    0.15851    0.10621    0.20537    0.01306    0.62009   -0.90082
   0.40179    0.04009    0.05299    0.08435   -0.05464    0.23385   -0.51868
   0.09061   -0.20978   -0.18524   -0.16037   -0.32544   -0.72523   -0.54989
  -0.02236   -0.15384   -0.26550   -0.09595   -0.36660    0.36035   -0.41511
  -0.45695   -0.21668   -0.28514   -0.15855   -0.40681    0.47576   -0.69186
  -0.08346    0.22991    0.20674    0.26564    0.10027    0.06025   -0.74557
  -0.07568    0.15708    0.12292    0.15568    0.01513   -0.03725   -0.66105
   0.63850   -0.31913   -0.30086   -0.25974   -0.51579   -0.10895   -0.13410
  -0.54970    0.30121    0.30514    0.31082    0.20662    0.41119   -0.66162
   0.02880   -0.05711   -0.09058    0.02038   -0.24378    0.13973   -0.48305
   0.32502    0.21239    0.21036    0.26526    0.12233    0.49558   -0.69067
   0.18675   -0.22331   -0.21471   -0.18030   -0.31553   -0.36871   -0.68134
   0.12297   -0.47590   -0.43405   -0.42888   -0.64354   -0.24093   -0.23362
  -0.09121    0.11634    0.13736    0.18440    0.06632    0.31864   -0.63123
  -0.02990    0.02299   -0.01253    0.06484   -0.13189    0.27008   -0.67833
  -0.13240   -0.26774   -0.25742   -0.19452   -0.38236   -0.19198   -0.46164
   0.17713   -0.04013   -0.05928    0.03416   -0.19617    0.49102   -0.59268
   0.07990   -0.16634   -0.29584   -0.11313   -0.38310    0.44723   -0.67075
   0.11711    0.02222    0.00343    0.08885   -0.07512    0.31927   -0.49736
   0.14437   -0.27520   -0.31685   -0.23924   -0.42903    0.62704   -0.63755
  -0.56917   -0.52755   -0.52071   -0.48300   -0.66332   -0.21713   -0.47037
   0.77600   -0.26541   -0.22900   -0.19645   -0.39842   -0.57172   -0.38340
  -0.07562    0.43384    0.42262    0.46717    0.36819    0.56981   -0.81782
   0.87329   -0.20306   -0.20989   -0.12494   -0.36157   -0.01917   -0.31592
  -0.24334   -0.14001   -0.17988   -0.07589   -0.30782    0.06819   -0.63008
   0.91930   -0.31180   -0.33185   -0.24422   -0.50523   -0.00624   -0.29943
  -0.11996    0.09056    0.06021    0.15480   -0.05247    0.45714   -0.67660
  -0.39741   -0.40108   -0.45434   -0.34521   -0.60183    0.40973   -0.71638
   0.01778   -0.42704   -0.37974   -0.36053   -0.57758   -0.11874   -0.36070
   0.89368   -0.22361   -0.24683   -0.14664   -0.42431    0.01907   -0.36637
  -0.57764    0.17981    0.17268    0.24303    0.10423    0.07155   -0.70566
  -0.01983   -0.10154   -0.08949   -0.01056   -0.27124    0.08671   -0.49124
   0.12062   -0.03749   -0.01371    0.02577   -0.15680   -0.43621   -0.54096
   0.16066   -0.09867   -0.12739   -0.03513   -0.23532    0.22903   -0.46341
   0.12169    0.24152    0.23078    0.28494    0.14065    0.48316   -0.69902
   0.02273    0.01145   -0.08548    0.05988   -0.14397    0.44842   -0.75736
   0.91654   -0.09844   -0.04982   -0.02552   -0.20076   -0.97689   -0.38335
  -0.87145    0.55389    0.57555    0.62738    0.51862    0.54691   -0.58450
   0.44492    0.13223    0.13797    0.18239    0.01615    0.78734   -0.50017
  -0.39984   -0.03235   -0.05564    0.01583   -0.15724   -0.08109   -0.73500
   0.53629    0.35965    0.35760    0.42434    0.30023    0.41920   -0.49444
  -0.19712    0.03979   -0.03809    0.09784   -0.11760    0.55674   -0.95398
   0.07886   -0.20765   -0.15958   -0.20994   -0.30085   -0.81081   -0.64555
  -0.43364   -0.15916   -0.21876   -0.08673   -0.31166   -0.14301   -0.70267
  -0.23967   -0.02867   -0.10539    0.02629   -0.18124    0.43650   -0.93389
  -0.36570   -0.13312   -0.20566   -0.10396   -0.36274    0.30471   -0.41543
   0.67721   -0.10698   -0.08495   -0.02544   -0.25118    0.37948   -0.31230
   0.79735   -0.34675   -0.36020   -0.27868   -0.53582   -0.23087   -0.28657
   0.66199   -0.00065    0.00256    0.06935   -0.11378    0.05824   -0.38668
   0.28356    0.50020    0.52220    0.55663    0.46342    0.73525   -0.61915
   0.59405   -0.17155   -0.17173   -0.10048   -0.32592    0.00560   -0.25427
  -0.13205   -0.01390   -0.01541    0.06359   -0.10137   -0.17289   -0.63738
   0.07209   -0.18831   -0.29619   -0.13067   -0.38838    0.42720   -0.65693
   0.20955    0.14059    0.14998    0.20342    0.03128    0.50956   -0.63851
   0.27095   -0.01185   -0.04051    0.00634   -0.16771    0.11731   -0.71254
  -0.26920    0.00155   -0.08659    0.04685   -0.14063    0.43032   -1.05252
   0.32371    0.46144    0.46716    0.52263    0.39888    0.51410   -0.54574
  -0.18597   -0.08326   -0.13899   -0.01734   -0.28235    0.24767   -0.56382
   0.05083   -0.15977   -0.12562   -0.12104   -0.29959   -0.84739   -0.41799
  -0.80933    0.20285    0.20422    0.25222    0.09191    0.54664   -0.76664
   0.24430    0.06376    0.05972    0.13021   -0.04896    0.53862   -0.62004
  -0.84506   -0.28261   -0.29908   -0.22093   -0.49008    0.52044   -0.58704
   0.21136    0.09370    0.09892    0.16399    0.00812    0.33461   -0.58692
   0.24636    0.02015    0.01200    0.05165   -0.09995    0.44220   -0.71519
  -0.31689   -0.05666   -0.08453    0.00913   -0.17960    0.03361   -0.67533
   0.83581    0.08096    0.06220    0.03610   -0.06510   -0.76295   -0.64855
   0.44065    0.08922    0.08984    0.14493   -0.05307    0.74021   -0.57618
   0.65266   -0.49125   -0.45713   -0.43167   -0.69813   -0.14875   -0.15676
  -0.07862   -0.07954   -0.15125   -0.00881   -0.27285    0.16973   -0.64851
   0.04812   -0.14700   -0.17574   -0.10828   -0.29427    0.63594   -0.69380
   0.03039   -0.11232   -0.10509   -0.04274   -0.24487   -0.44774   -0.61374
   0.66157    0.03410    0.05301    0.09659   -0.03914    0.07495   -0.30541
   0.13665   -0.08848   -0.12776   -0.05890   -0.24674    0.42719   -0.70083
   0.28417   -0.21621   -0.20307   -0.15589   -0.34295    0.30252   -0.40298
  -0.41436   -0.02818   -0.08050    0.03471   -0.17173    0.07715   -0.54044
  -0.09423   -0.58439   -0.57545   -0.53379   -0.79365   -0.27895   -0.28602
  -0.39498   -0.16960   -0.18279   -0.08774   -0.31888   -0.12191   -0.62161
   0.09423   -0.52985   -0.47461   -0.47479   -0.72609   -0.33347   -0.07071
   0.51521   -0.07052   -0.03815   -0.01459   -0.16847    0.02704   -0.46869
   0.48584   -0.03310   -0.02379    0.02138   -0.14384   -0.01046   -0.51121
   0.18997    0.01845    0.00794    0.09530   -0.09698    0.22755   -0.39963
   0.59464   -0.13162   -0.11224   -0.05165   -0.25533    0.10802   -0.33888
  -0.79959   -0.08561   -0.14397   -0.02863   -0.23348    0.49844   -0.88156
  -0.62151    0.10010    0.08134    0.17600   -0.04841    0.50087   -0.71469
  -0.25174    0.26044    0.25162    0.29813    0.17247   -0.09847   -0.75428
   0.48170   -0.28148   -0.25334   -0.21850   -0.41463   -0.59760   -0.31900
   0.20017   -0.27468   -0.25076   -0.19232   -0.44939   -0.10058   -0.40881
  -0.41794   -0.10547   -0.14371   -0.02655   -0.30890    0.24018   -0.54662
  -0.05382   -0.09559   -0.10046   -0.01242   -0.27353    0.08400   -0.45486
   0.99449   -0.24249   -0.23395   -0.17358   -0.38917   -0.08983   -0.30086
   0.54311    0.16850    0.16362    0.22387    0.07582    0.25475   -0.45384
  -0.14230   -0.01016   -0.07002    0.02253   -0.19310    0.45127   -0.74449
  -0.40791   -0.04523   -0.11682    0.01872   -0.23455    0.15003   -0.50318
   0.17444   -0.33648   -0.30835   -0.25340   -0.51228   -0.08093   -0.30981
   0.10353   -0.07432   -0.09789   -0.04312   -0.22259    0.41360   -0.77037
   0.21547   -0.08161   -0.07337   -0.03397   -0.22570    0.02139   -0.55192
   0.06300   -0.14919   -0.16815   -0.06438   -0.32983    0.07260   -0.53661
   0.78009    0.09672    0.11859    0.12429   -0.01267   -0.79684   -0.62771
  -0.50074    0.30242    0.27967    0.29933    0.18603   -0.05496   -1.08227
   0.89434   -0.25519   -0.26609   -0.18727   -0.42605   -0.13250   -0.32998
  -0.04572   -0.08831   -0.17880   -0.03242   -0.26221    0.40290   -0.96500
   0.27742   -0.02223   -0.02047    0.03834   -0.15568   -0.02732   -0.68906
   0.56490   -0.08687   -0.07909   -0.01600   -0.22472    0.15644   -0.29877
   0.59057   -0.15015   -0.15095   -0.07994   -0.29048    0.04610   -0.31068
   0.71226   -0.25192   -0.22326   -0.19949   -0.36175   -0.83527   -0.48431
  -0.57535   -0.18578   -0.19746   -0.10684   -0.35506    0.40758   -0.54426
   0.48574   -0.10281   -0.06761   -0.04714   -0.21179    0.01049   -0.44460
  -0.49004   -0.20029   -0.26346   -0.15690   -0.43873    0.16253   -0.41240
   0.32717    0.03822    0.04494    0.06944   -0.08586   -0.11143   -0.58882
   0.98772   -0.35110   -0.33835   -0.29113   -0.50824   -0.11753   -0.32542
   0.56330   -0.31068   -0.28254   -0.22898   -0.49093    0.75658   -0.12907
  -0.20962   -0.05430   -0.10298    0.01372   -0.22737    0.24429   -0.56464
  -0.07120   -0.10693   -0.18265   -0.04434   -0.28757    0.39839   -0.82407
   0.54130   -0.18678   -0.12722   -0.14097   -0.28823   -0.63789   -0.28170
   0.25922    0.06443    0.06084    0.13112   -0.06372    0.50950   -0.74604
  -0.10059    0.06455    0.02925    0.13368   -0.07799    0.43798   -0.72182
  -0.44049   -0.06006   -0.11438   -0.00681   -0.24263    0.32630   -0.57318
  -0.02124   -0.07582   -0.16908   -0.06083   -0.25853    0.66455   -0.72475
   0.34377    0.03545    0.06605    0.09636   -0.04195   -0.17045   -0.55696
  -0.14319   -0.13283   -0.13322   -0.05968   -0.27545    0.48583   -0.56786
   0.12396    0.59581    0.62073    0.63698    0.55597   -0.89824   -0.57624
   0.21839    0.21307    0.20820    0.26384    0.13962    0.66747   -0.72439
   0.06080    0.19744    0.15872    0.19282    0.06281    0.35170   -1.20147
   0.85779    0.14816    0.15964    0.21011    0.06651   -0.98584   -0.62100
   0.27051   -0.32962   -0.31743   -0.25142   -0.50421   -0.10694   -0.37847
  -0.06256    0.03329   -0.02153    0.04840   -0.14941    0.50240   -0.73624
   0.72651   -0.51431   -0.50332   -0.46022   -0.71285   -0.26767   -0.19355
  -0.28623   -0.17783   -0.27919   -0.11989   -0.37932    0.45046   -0.76820
   0.04813   -0.17588   -0.21389   -0.11093   -0.35564    0.18238   -0.53711
   0.09358   -0.05178   -0.07004    0.03014   -0.15581    0.23142   -0.38194
   0.41714   -0.28153   -0.26749   -0.21796   -0.42417   -0.04488   -0.56135
   0.80833   -0.08627   -0.06350   -0.01098   -0.19823   -0.98413   -0.47069
   0.48205   -0.13298   -0.12201   -0.06780   -0.27629   -0.64793   -0.40057
   0.36727   -0.15151   -0.11644   -0.08336   -0.28485    0.06729   -0.33017
   1.00000    0.23858    0.25816    0.28169    0.15374   -0.91770   -0.53133
  -0.38573   -0.24597   -0.31365   -0.21872   -0.44221    0.48905   -0.77785
   0.72676    0.12376    0.14422    0.16791    0.02169   -0.80586   -0.61193
   0.18807    0.02280   -0.00394    0.09268   -0.08779    0.62370   -0.78087
   0.47933   -0.09990   -0.08925   -0.03972   -0.23535    0.20433   -0.32428
   0.47721   -0.16741   -0.16144   -0.10157   -0.34886   -0.06926   -0.53329
   0.14467    0.07361    0.06279    0.13141   -0.05886    0.30028   -0.50722
   0.50599    0.63423    0.63487    0.65069    0.59628    0.29136   -0.42490
  -0.80874   -0.07408   -0.10880   -0.02120   -0.22169    0.53091   -0.79335
   0.02922   -0.12645   -0.23456   -0.05763   -0.35403    0.38827   -0.59930
   0.30238   -0.02148   -0.09435    0.02041   -0.16887    0.49420   -1.05715
   0.48035    0.27694    0.29045    0.33349    0.20745    0.24202   -0.46047
   0.16367   -0.06577   -0.00144   -0.00767   -0.10031   -0.83694   -0.67209
   0.46033    0.08458    0.10394    0.13958   -0.01177    0.06150   -0.45738
  -0.51443   -0.07893   -0.15373   -0.02295   -0.26726    0.41282   -0.95992
   0.31289    0.35521    0.35613    0.41577    0.28421    0.54990   -0.63180
  -0.35059    0.01965   -0.03352    0.08328   -0.14140    0.14554   -0.62419
   0.47764   -0.05297   -0.04707    0.01209   -0.19383    0.66461   -0.61077
   0.52909    0.14312    0.18367    0.19615    0.11831    0.29736   -0.27293
  -0.69232    0.24480    0.25013    0.32378    0.12726    0.50168   -0.66949
  -0.44265    0.05098    0.00885    0.09244   -0.10825    0.09979   -0.66368
  -0.28539    0.00965   -0.01937    0.07807   -0.14758    0.10741   -0.58385
   0.14032   -0.14933   -0.18824   -0.08216   -0.29699    0.39940   -0.76930
  -0.24935   -0.10705   -0.12430   -0.06362   -0.28183   -0.26705   -0.56455
   0.22931    0.26699    0.28707    0.31643    0.19757    0.42506   -0.63087
   0.89761    0.44405    0.47082    0.50136    0.37616   -0.75885   -0.55922
   0.44126   -0.40961   -0.37169   -0.32825   -0.61902   -0.58643   -0.07244
   0.04919   -0.34580   -0.30705   -0.28144   -0.48914   -0.11893   -0.41980
  -0.48445   -0.03271   -0.07699    0.04076   -0.20303    0.21540   -0.47906
  -0.06930    0.00220   -0.04328    0.07580   -0.12670    0.30231   -0.69620
   0.22339   -0.12366   -0.07646   -0.11282   -0.18867   -0.38091   -0.58273
   0.06897    0.59240    0.61680    0.53013    0.55791   -0.94083   -0.79470
  -0.68400   -0.19608   -0.35563   -0.16852   -0.43200   -0.13563   -0.67633
   0.10225    0.56963    0.56119    0.62055    0.51412    0.36236   -0.62450
   0.63384    0.19854    0.21472    0.25688    0.10231   -0.93983   -0.54653
   0.94669   -0.24539   -0.23791   -0.18101   -0.40914   -0.22769   -0.38793
   0.39971    0.15125    0.15040    0.19084    0.01685    0.74726   -0.57082
   0.58138    0.00203    0.04825    0.08139   -0.12203    0.87282   -0.34527
  -0.39408   -0.21157   -0.25205   -0.14011   -0.35704   -0.17673   -0.78000
   0.38798   -0.19271   -0.19840   -0.11977   -0.34247   -0.04126   -0.46488
   0.23102    0.34242    0.34247    0.40161    0.26598    0.73401   -0.57140
  -0.41747   -0.11338   -0.17151   -0.03824   -0.28880    0.27037   -0.51658
  -0.16935   -0.32848   -0.34522   -0.25473   -0.50208   -0.15365   -0.58664
   0.59147   -0.06963   -0.07978    0.01800   -0.22390    0.40733   -0.46674
  -0.10867   -0.32192   -0.32424   -0.25077   -0.45993   -0.13363   -0.46377
   0.05670   -0.17662   -0.15022   -0.10990   -0.30053   -0.09961   -0.50440
  -0.33032   -0.09037   -0.17956   -0.06014   -0.26889    0.49172   -0.92113
   0.95156   -0.09670   -0.08662   -0.02284   -0.22967    0.07597   -0.38332
   0.22659    0.30046    0.30977    0.34392    0.19589   -0.90696   -0.51606
  -0.19250    0.00965   -0.06366    0.07371   -0.14622    0.50524   -0.73934
   0.34419    0.16353    0.17465    0.21825    0.05697    0.72709   -0.83906
  -0.10465    0.00100   -0.03876    0.06956   -0.13977    0.41003   -0.69824
   0.08859    0.12767    0.12111    0.13244    0.04337    0.61334   -0.76873
   0.05426   -0.02794   -0.05075    0.01887   -0.15594    0.39046   -0.72782
   0.04436   -0.16270   -0.17429   -0.08909   -0.33677    0.05568   -0.43982
  -0.17995    0.00742   -0.04746    0.04386   -0.13335    0.58070   -1.15925
   0.67163   -0.20298   -0.19836   -0.15281   -0.38642   -0.08571   -0.32584
   0.04058   -0.34675   -0.33367   -0.26209   -0.53982   -0.01147   -0.49248
  -0.38971   -0.14404   -0.24789   -0.10978   -0.33954    0.41972   -0.84877
  -0.29730   -0.20522   -0.27998   -0.14241   -0.42125    0.21194   -0.44731
   0.41666   -0.16805   -0.16509   -0.11368   -0.30701   -0.03068   -0.46075
   0.38328   -0.02539   -0.00695    0.04047   -0.15772    0.70295   -0.67515
   0.13084   -0.21372   -0.27644   -0.15488   -0.40808    0.39174   -0.63449
  -0.13423    0.05895    0.00222    0.07413   -0.13497   -0.47928   -1.00020
   0.43913   -0.24447   -0.20379   -0.16802   -0.40737   -0.56130   -0.21150
  -0.21088   -0.09579   -0.12636   -0.02009   -0.26418    0.05991   -0.57812
   0.04950    0.39439    0.38319    0.43271    0.32532   -0.88569   -0.79613
  -0.47320   -0.34568   -0.37738   -0.29659   -0.49201   -0.21626   -0.58541
  -0.14213   -0.13153   -0.13573   -0.07429   -0.25484   -0.10851   -0.61809
  -0.01990   -0.13103   -0.27108   -0.07836   -0.37403    0.40402   -0.63232
  -0.35798   -0.35758   -0.38156   -0.29097   -0.49157   -0.12133   -0.58222
   0.65073   -0.18586   -0.18106   -0.09866   -0.33709    0.38276   -0.39426
  -0.11676    0.20959    0.15926    0.21109    0.06999    0.65501   -0.92741
   0.20745   -0.23204   -0.19881   -0.16415   -0.34766   -0.67031   -0.49774
  -0.14436   -0.07700   -0.11040   -0.00947   -0.24321    0.11391   -0.38527
  -0.04057   -0.19317   -0.26980   -0.11761   -0.38642    0.52242   -0.49521
   0.09470    0.05369    0.07678    0.13039   -0.02221    0.30549   -0.52368
  -0.10730   -0.01856   -0.02904    0.06398   -0.16434   -0.03395   -0.66859
   0.02912   -0.18632   -0.25714   -0.10602   -0.39647    0.20813   -0.36407
   0.23686   -0.21438   -0.21021   -0.13940   -0.38200   -0.04119   -0.43117
   0.47355    0.00809   -0.00216    0.05252   -0.15226    0.75876   -0.57076
  -0.52215   -0.07844   -0.09845    0.00476   -0.22902   -0.08000   -0.52422
  -0.09053    0.12150    0.11116    0.19803    0.00941   -0.01598   -0.72689
   0.07430   -0.11708   -0.08737   -0.06255   -0.26331   -0.61311   -0.32537
   0.51533   -0.13499   -0.11034   -0.06968   -0.25430    0.07691   -0.47326
   0.22219   -0.05640   -0.06352    0.00966   -0.18076    0.53971   -0.63669
   0.46358    0.28049    0.29059    0.33419    0.21533    0.12762   -0.44014
  -0.78359   -0.16715   -0.26166   -0.10619   -0.36103   -0.09197   -0.54146
   0.57616   -0.08088   -0.07429   -0.01028   -0.20823    0.24287   -0.35573
   0.97598   -0.45684   -0.43310   -0.40639   -0.59497   -0.53357   -0.25942
   0.08152   -0.25882   -0.26890   -0.16752   -0.47898    0.09187   -0.42325
   0.04548   -0.24380   -0.31862   -0.17924   -0.43653    0.62453   -0.56752
   0.02231   -0.32016   -0.29096   -0.25380   -0.47949   -0.15681   -0.43428
   0.11045   -0.20026   -0.24132   -0.11344   -0.37482    0.33429   -0.33477
   0.33870    0.24088    0.23773    0.30259    0.13497    0.55053   -0.67982
  -0.05872   -0.28416   -0.26764   -0.21960   -0.37372   -0.19189   -0.49530
   0.59445   -0.16294   -0.17657   -0.09060   -0.32613   -0.01179   -0.29307
  -0.26854   -0.08526   -0.15079   -0.01770   -0.24194    0.37834   -0.77216
  -0.51508   -0.12454   -0.18210   -0.04527   -0.31128    0.35703   -0.52410
  -0.25582    0.41645    0.43360    0.46558    0.38388    0.40067   -0.78958
  -0.13532    0.12817    0.06303    0.16318   -0.02868    0.60245   -0.95527
  -0.08885   -0.02989   -0.09316    0.04549   -0.17242    0.52077   -0.45793
  -0.51516   -0.13274   -0.15722   -0.04826   -0.29792    0.25706   -0.51238
  -0.31299   -0.08174   -0.13960   -0.03230   -0.23441    0.51158   -0.67402
  -0.03903    0.16078    0.15242    0.22107    0.05833   -0.43812   -0.76842
  -0.09514    0.09092    0.06834    0.15959   -0.02690    0.40258   -0.63821
   0.14936   -0.14997   -0.10898   -0.06405   -0.28322   -0.56083   -0.25818
   0.35786   -0.26678   -0.23936   -0.19889   -0.42687   -0.09176   -0.45751
   0.41658    0.11287    0.11937    0.18754    0.00711    0.36702   -0.58964
   0.27883    0.43147    0.43451    0.45870    0.37911    0.74959   -0.57910
  -0.46085   -0.14532   -0.15966   -0.07340   -0.27276   -0.25368   -0.74198
   0.17585   -0.05186   -0.08004    0.02387   -0.18261    0.17515   -0.50952
   0.55453    0.02544    0.02257    0.11210   -0.10908    0.35758   -0.45107
   0.02129   -0.21688   -0.26116   -0.14379   -0.41216    0.23980   -0.41332
   0.12627   -0.49696   -0.46195   -0.43309   -0.64312   -0.20786   -0.31836
  -0.63088    0.17380    0.10082    0.22326    0.08217    0.19502   -0.57226
   0.29548    0.07417    0.07582    0.14961   -0.03013    0.20158   -0.50320
   0.32669    0.09524    0.10231    0.15935   -0.01163    0.45907   -0.57929
  -0.01760    0.00846   -0.08641    0.05439   -0.16710    0.59985   -0.79329
   0.90009   -0.44011   -0.41162   -0.37210   -0.63846   -0.34905   -0.19460
   0.41504    0.11835    0.13774    0.18215    0.03054    0.19024   -0.46415
  -0.53480    0.17328    0.11888    0.22278    0.03716    0.19491   -0.55247
   0.01501   -0.22661   -0.20169   -0.14716   -0.31442    0.69338   -0.54637
   0.85389   -0.13369   -0.11988   -0.05422   -0.30300    0.03555   -0.26937
  -0.25941   -0.24737   -0.31911   -0.20520   -0.45356    0.48093   -0.69487
   0.04919   -0.46404   -0.44562   -0.42442   -0.61717   -0.20714   -0.45528
   0.44914    0.29396    0.29517    0.34930    0.18417    0.58310   -0.59627
   0.61775   -0.04000   -0.03720    0.03686   -0.17373    0.33937   -0.43891
  -0.39004    0.12260    0.10029    0.17983    0.01914   -0.03084   -0.74065
  -0.34429   -0.13253   -0.10298   -0.05955   -0.18306   -0.01728   -0.47198
   0.17384    0.01046    0.00491    0.09965   -0.12515    0.31628   -0.44442
   0.23726   -0.20429   -0.20457   -0.14076   -0.36947    0.02728   -0.58071
  -0.00126    0.02976   -0.03095    0.08401   -0.12093    0.35296   -0.71863
   0.60464    0.18533    0.19295    0.24585    0.09321    0.29554   -0.40736
   0.96317   -0.01530    0.02090    0.06293   -0.13848   -0.77474   -0.50201
  -0.22749   -0.06282   -0.14444    0.01237   -0.24264    0.26708   -0.62136
   0.76659   -0.15161   -0.13343   -0.09809   -0.29018   -0.60628   -0.45809
   0.38969    0.03675    0.05222    0.10529   -0.05774    0.41665   -0.54855
  -0.62013   -0.07442   -0.13874   -0.01049   -0.19972   -0.02115   -0.82736
  -0.00316    0.01238   -0.07327    0.07911   -0.13991    0.48833   -0.71480
  -0.65829    0.31024    0.30341    0.35001    0.26207    0.01712   -0.89871
  -0.48561   -0.21092   -0.25009   -0.13087   -0.42929    0.25715   -0.59283
   0.18183   -0.27754   -0.23841   -0.19850   -0.44267   -0.06121   -0.40535
   0.75558    0.23395    0.26008    0.28923    0.16471   -0.43631   -0.45772
  -0.52339   -0.10553   -0.13658   -0.02495   -0.25248    0.05443   -0.62060
   0.64273   -0.25003   -0.25812   -0.18820   -0.41086    0.13842   -0.39437
  -0.15582   -0.03618   -0.10563    0.03079   -0.19146    0.36417   -0.67295
   0.76700   -0.03712   -0.05245    0.04458   -0.21054    0.03606   -0.33130
   0.17892    0.21333    0.20669    0.25309    0.10468    0.72119   -0.82341
   0.34625   -0.35594   -0.30221   -0.28902   -0.47010   -0.55313   -0.15948
  -0.53702    0.37374    0.37106    0.42226    0.27394    0.30333   -0.63044
   0.94954   -0.27092   -0.24809   -0.22440   -0.39676   -0.57575   -0.28986
  -0.07803    0.01692   -0.03574    0.07329   -0.15385    0.44058   -0.78537
   0.22242   -0.13393   -0.13239   -0.06499   -0.29211    0.49697   -0.60607
   0.80972   -0.13619   -0.14582   -0.06679   -0.31518    0.03396   -0.31305
  -0.56092   -0.12628   -0.16925   -0.09323   -0.30457    0.48203   -0.72411
   0.42294    0.46584    0.49722    0.51968    0.40360    0.88953   -0.47243
  -0.34291    0.19340    0.16462    0.23517    0.06227   -0.54493   -0.96290
  -0.25486   -0.13933   -0.21329   -0.11711   -0.35529    0.14786   -0.90820
  -0.06389    0.09249    0.05525    0.14892   -0.04551    0.44697   -0.77023
   0.35660   -0.07862   -0.06106   -0.01077   -0.18324    0.18292   -0.37980
   0.35842   -0.08180   -0.06171   -0.00840   -0.20634   -0.02521   -0.50888
   0.52360    0.14236    0.15727    0.20262    0.04593   -0.99514   -0.48675
  -0.35714   -0.16315   -0.20225   -0.10996   -0.28875   -0.23736   -0.82697
   0.17819   -0.06319   -0.08083   -0.00640   -0.18438    0.19645   -0.48464
   0.43516    0.49283    0.49398    0.51902    0.41376    0.82253   -0.58606
   0.47456    0.42124    0.43167    0.43495    0.35259    0.77528   -0.40638
  -0.02295    0.08632    0.03386    0.12267   -0.03839    0.68110   -0.69371
   0.32802    0.47470    0.51379    0.52280    0.47236    0.75497   -0.51971
  -0.82514   -0.07233   -0.10992   -0.02968   -0.25475    0.49854   -0.79113
   0.26995   -0.25863   -0.23139   -0.18525   -0.41837   -0.07511   -0.40303
  -0.28859    0.02095   -0.04084    0.07229   -0.11014    0.42655   -0.94545
   0.41890    0.31299    0.31327    0.37240    0.23002    0.32948   -0.55653
   0.09326   -0.19772   -0.23955   -0.11610   -0.36750    0.26065   -0.23408
  -0.15126    0.41457    0.40842    0.45473    0.33476    0.37981   -0.71569
   0.39713   -0.21685   -0.20447   -0.14753   -0.36524    0.03584   -0.35336
  -0.10686    0.12363    0.14810    0.19717    0.01224   -0.62993   -0.72243
   0.29262   -0.04962   -0.02795    0.00979   -0.14154   -0.60976   -0.48240
  -0.13291   -0.49341   -0.48068   -0.46908   -0.65776   -0.23581   -0.41835
  -0.42785   -0.12340   -0.15458   -0.04535   -0.28416   -0.06037   -0.65155
   0.22702    0.00666    0.00967    0.05383   -0.11890    0.32061   -0.60562
  -0.25848    0.22072    0.19896    0.26771    0.10041    0.59851   -0.89884
   0.62641   -0.07578   -0.07671   -0.00933   -0.21512    0.02354   -0.33805
   0.32118    0.35012    0.36872    0.37915    0.27778   -0.02715   -0.64871
   0.04588   -0.11336   -0.21323   -0.07719   -0.30335    0.44501   -0.69016
  -0.22293    0.12659    0.07140    0.17753   -0.01579    0.56392   -0.86662
  -0.39743    0.14596    0.14864    0.21593    0.04755    0.21101   -0.62112
  -0.33069   -0.09473   -0.18971   -0.06023   -0.29238    0.47703   -0.89944
  -0.01100    0.02801   -0.06109    0.08244   -0.13295    0.50818   -0.71496
   0.07559   -0.02335   -0.04565    0.00550   -0.16268    0.40048   -0.75855
  -0.17659   -0.17778   -0.22308   -0.10984   -0.34959    0.44220   -0.79054
   0.04893    0.08208   -0.00154    0.14190   -0.07045    0.46526   -0.75603
   0.41675   -0.63306   -0.57758   -0.60083   -0.82662   -0.20570   -0.27142
  -0.29618   -0.13296   -0.17862   -0.06423   -0.33113    0.13252   -0.70433
  -0.64019   -0.06926   -0.14544    0.00049   -0.22843   -0.03595   -0.85480
  -0.12894    0.05248    0.02835    0.10569   -0.09209    0.10188   -0.66914
   0.37212    0.21335    0.22570    0.24644    0.12293    0.85830   -0.51131
   0.64357   -0.09919   -0.08096   -0.05520   -0.25450    0.82210   -0.54957
   0.62681   -0.22929   -0.23487   -0.15784   -0.42287   -0.01242   -0.33664
   0.23541   -0.17404   -0.16950   -0.10554   -0.32592    0.51101   -0.40027
   0.51572   -0.14844   -0.12938   -0.09093   -0.28081    0.04381   -0.41889
  -0.30635    0.71041    0.72694    0.76944    0.67684   -0.58534   -0.80158
  -0.27902   -0.17505   -0.21476   -0.10625   -0.35653    0.09244   -0.56641
   0.95967   -0.19627   -0.16410   -0.15403   -0.32980   -0.37947   -0.29215
   0.30688    0.41138    0.41149    0.46304    0.35007    0.71812   -0.75957
  -0.52600    0.08927    0.04923    0.03866   -0.07616    0.01222   -1.14016
   0.25387    0.16452    0.16495    0.22481    0.06004    0.16691   -0.48549
  -0.54194   -0.13815   -0.18976   -0.07877   -0.28712   -0.00207   -0.73611
  -0.18848    0.01965   -0.00780    0.08024   -0.12040    0.14366   -0.69194
   0.44175   -0.18171   -0.18673   -0.15950   -0.34595   -0.04256   -0.65361
   0.17258    0.18520    0.20791    0.24696    0.09903   -0.44324   -0.56988
   0.07152   -0.30350   -0.32272   -0.25810   -0.46932    0.56851   -0.73998
   0.70087   -0.14888   -0.15392   -0.07619   -0.31674    0.00841   -0.28258
  -0.01010    0.00118   -0.04893    0.07082   -0.16637    0.21101   -0.59535
  -0.70193   -0.31358   -0.36630   -0.25906   -0.48230   -0.05317   -0.45813
  -0.14510    0.10116    0.04477    0.15477   -0.06720    0.14744   -0.74426
  -0.33752   -0.20554   -0.23524   -0.14097   -0.34758    0.03324   -0.60130
   0.55617    0.10456    0.13617    0.16336   -0.00274    0.82479   -0.48335
  -0.50672   -0.16761   -0.25575   -0.15643   -0.36318   -0.00037   -0.99391
  -0.55273   -0.19090   -0.22171   -0.13491   -0.37995    0.42471   -0.54785
   0.17859    0.11145    0.14728    0.16337    0.07509    0.64583   -0.63296
  -0.15417    0.08579    0.05915    0.12953   -0.05923    0.12662   -0.67258
  -0.25104   -0.13307   -0.15623   -0.05399   -0.30241    0.05942   -0.58671
   0.21969    0.47275    0.48408    0.51681    0.42809    0.71642   -0.53786
   0.00672    0.25733    0.25286    0.27881    0.16728    0.69333   -0.83427
   0.37653    0.38010    0.37951    0.41666    0.26662    0.71741   -0.59098
   0.35081   -0.02382   -0.00131    0.05857   -0.13043    0.36793   -0.34841
  -0.39165   -0.05775   -0.09563    0.01286   -0.22478   -0.10271   -0.78233
  -0.43958   -0.20530   -0.30714   -0.17548   -0.39683    0.39427   -0.87953
   0.39703    0.19969    0.20674    0.26054    0.08750    0.55854   -0.71348
   0.22537   -0.27432   -0.27566   -0.21579   -0.42123    0.19222   -0.39156
   0.83965   -0.00605   -0.01206    0.06586   -0.15075    0.00889   -0.42327
   0.06886   -0.15198   -0.24043   -0.09489   -0.31968    0.60175   -0.68241
  -0.09963    0.24364    0.19079    0.30774    0.13519    0.55485   -0.74473
   0.31078    0.02166    0.01536    0.07016   -0.10655    0.43293   -0.65776
   0.40157   -0.08384   -0.06987   -0.03529   -0.21566   -0.99036   -0.62113
  -0.45756   -0.16348   -0.20671   -0.08045   -0.32233    0.20532   -0.40595
   0.06942   -0.15726   -0.26905   -0.09011   -0.30194    0.47332   -0.66777
  -0.45796   -0.05645   -0.11872    0.00318   -0.23276   -0.02342   -0.87418
  -0.19287   -0.17200   -0.25763   -0.10852   -0.35802    0.40488   -0.56179
   0.15909   -0.00343   -0.03847    0.05898   -0.14966    0.61292   -0.59690
  -0.03883    0.29008    0.27269    0.35800    0.18988    0.48111   -0.72671
   0.00150    0.04019   -0.02255    0.10138   -0.10533    0.56655   -0.85001
   0.32902   -0.38996   -0.36386   -0.33209   -0.55940   -0.22723   -0.32461
   0.06043   -0.03300   -0.01239    0.02106   -0.13899   -0.14000   -0.58024
   0.31729   -0.18457   -0.19182   -0.13976   -0.37945    0.07546   -0.46933
   0.01400   -0.11844   -0.19636   -0.06794   -0.28374    0.63106   -0.64766
   0.10643   -0.20066   -0.19469   -0.13026   -0.33731    0.00655   -0.63293
  -0.08073   -0.36001   -0.41534   -0.29981   -0.61723   -0.31861   -0.15756
  -0.29552    0.11295    0.08202    0.13797   -0.02737    0.26406   -0.86685
   0.21688    0.04140    0.04278    0.11321   -0.06147    0.23461   -0.48798
  -0.21072   -0.05293   -0.15533    0.01150   -0.22264    0.37351   -0.89205
   0.02390   -0.16989   -0.26231   -0.09928   -0.37114    0.36614   -0.56257
   0.15755   -0.22756   -0.28869   -0.16777   -0.43089    0.52286   -0.52880
  -0.53652   -0.12737   -0.15533   -0.04476   -0.32307    0.36204   -0.44888
   0.80631    0.02142    0.03787    0.05758   -0.06679   -0.81190   -0.66985
  -0.22438   -0.18421   -0.23073   -0.12402   -0.40138   -0.02597   -0.65617
   0.08798    0.03646    0.07815    0.09132   -0.08199   -0.84864   -0.45874
  -0.07726    0.19416    0.17618    0.18182    0.08155    0.59350   -0.76073
  -0.56606    0.00643   -0.05411    0.03691   -0.13247    0.16145   -0.41935
  -0.63473    0.62444    0.60713    0.65700    0.55093   -0.09184   -0.77896
   0.67831   -0.42977   -0.51642   -0.41042   -0.65306    0.25504   -0.70430
  -0.43873   -0.17356   -0.22148   -0.10602   -0.34897   -0.12484   -0.68055
   0.59108   -0.08510   -0.08403   -0.00257   -0.24300    0.37408   -0.45842
   0.53226    0.20534    0.21835    0.26899    0.11240   -0.96295   -0.49933
   0.28079   -0.00203    0.01468    0.05763   -0.10910    0.44314   -0.60620
   0.12229   -0.12616   -0.14341   -0.04199   -0.30864    0.10718   -0.50778
   0.08600   -0.39748   -0.37697   -0.33291   -0.52224   -0.19049   -0.48728
   0.34218   -0.28594   -0.25389   -0.21449   -0.45464    0.04301   -0.34610
   0.15642    0.56036    0.57810    0.56662    0.53989    0.67364   -0.88589
   0.46327   -0.05503   -0.03652    0.01476   -0.17206    0.14414   -0.48258
  -0.36924    0.05080    0.02048    0.10989   -0.06175   -0.01286   -0.80663
   0.04921   -0.15331   -0.13888   -0.07143   -0.31362    0.00630   -0.60933
  -0.33158   -0.06682   -0.14859   -0.01417   -0.23397    0.39686   -0.90126
   0.11356   -0.19042   -0.23555   -0.13223   -0.36120    0.56207   -0.50011
   0.09962   -0.48599   -0.42955   -0.42476   -0.63535   -0.41843   -0.14182
   0.95454   -0.03716   -0.00496    0.04190   -0.19354   -0.73040   -0.34529
  -0.24766    0.03321   -0.00024    0.10987   -0.11754    0.62517   -0.65197
   0.47461    0.40979    0.40826    0.42198    0.34317    0.40785   -0.48156
   0.08903    0.12104    0.06446    0.18754   -0.02564    0.52394   -0.72208
   0.30077    0.03837    0.03436    0.10566   -0.06229    0.39883   -0.51551
  -0.37650    0.31501    0.29381    0.33043    0.20814    0.39014   -1.10900
   0.82988    0.01136    0.01684    0.01589   -0.12288   -0.73423   -0.39466
  -0.23192    0.02046   -0.04939    0.02439   -0.16045    0.18801   -0.66002
   0.17019   -0.24414   -0.21983   -0.17290   -0.36255   -0.48178   -0.46207
   0.06378   -0.26225   -0.32639   -0.21300   -0.43465    0.58505   -0.83464
   0.44437    0.36179    0.37098    0.40042    0.29948    0.36701   -0.48721
   0.06048   -0.64243   -0.57973   -0.58629   -0.79463   -0.38880   -0.25206
   0.56461    0.04056    0.04954    0.11000   -0.06853    0.09077   -0.37974
  -0.05739    0.03379   -0.04235    0.07762   -0.13808    0.25444   -0.75480
   0.25509   -0.20082   -0.18311   -0.13672   -0.34809   -0.22969   -0.37152
  -0.56902    0.30669    0.28163    0.36360    0.23666    0.09051   -0.56837
   0.22280   -0.07825   -0.07762   -0.02408   -0.20990    0.36916   -0.57993
  -0.04775    0.01960   -0.03760    0.09287   -0.12242    0.55423   -0.55773
   0.27343   -0.22430   -0.22119   -0.14731   -0.41319    0.05329   -0.42972
  -0.35363   -0.02047   -0.05327    0.04919   -0.16021    0.01902   -0.75816
   0.12881    0.23077    0.26157    0.26747    0.16701   -0.93265   -0.53272
   0.18934   -0.16051   -0.09025   -0.16173   -0.19967   -0.38861   -0.44852
  -0.44458   -0.20892   -0.24763   -0.12852   -0.38127   -0.07737   -0.68454
  -0.42507   -0.17277   -0.24962   -0.11548   -0.37441    0.45846   -0.69834
   0.90776   -0.05263   -0.02495    0.01314   -0.16313   -0.83981   -0.57468
   0.05877   -0.15435   -0.17970   -0.07212   -0.34290    0.10242   -0.47895
  -0.30997   -0.27460   -0.37036   -0.21428   -0.44987    0.38116   -0.67703
  -0.15180   -0.04462   -0.10406    0.03262   -0.22014    0.25983   -0.64194
   0.62614   -0.45227   -0.43292   -0.39053   -0.60212   -0.17055   -0.25123
   0.29085   -0.31279   -0.30910   -0.23949   -0.51592    0.08314   -0.52060
  -0.51247   -0.44604   -0.48646   -0.36982   -0.66097   -0.13785   -0.49875
   0.35653   -0.28408   -0.27130   -0.21982   -0.38640    0.23447   -0.22185
   0.01971   -0.17625   -0.27824   -0.11215   -0.37460    0.32635   -0.55749
   0.78116   -0.35500   -0.33270   -0.29178   -0.51897   -0.72448   -0.33536
   0.88824    0.06388    0.08484    0.14735   -0.05382    0.08102   -0.28543
   0.01651    0.15988    0.08809    0.14099    0.00445    0.54841   -1.06958
  -0.02476   -0.08772   -0.16071   -0.01367   -0.24549    0.55227   -0.73152
  -0.09675    0.14221    0.10004    0.18387    0.01040    0.18679   -0.75834
  -0.48750   -0.16045   -0.16802   -0.09378   -0.31407   -0.08195   -0.66114
   0.34126    0.00804    0.01074    0.08030   -0.09811    0.41652   -0.42419
   0.91924   -0.28227   -0.23666   -0.22508   -0.41535   -0.51286   -0.18358
   0.37950    0.51161    0.50075    0.55956    0.47238    0.30171   -0.54775
   0.39414    0.01404    0.01486    0.00846   -0.11399   -0.34700   -0.66571
  -0.38547    0.17244    0.15870    0.21101    0.04797    0.25643   -0.73009
  -0.22667   -0.14791   -0.17070   -0.07429   -0.30050    0.12351   -0.54511
  -0.44676   -0.02334   -0.06640    0.04425   -0.17737    0.28555   -0.53541
  -0.09020    0.00742   -0.02310    0.06100   -0.16733    0.03253   -0.64802
  -0.04722    0.13045    0.05619    0.20056   -0.00650    0.53808   -0.79316
   0.50511    0.15921    0.19499    0.22380    0.12604   -0.38448   -0.63544
   0.71688   -0.06612   -0.05613    0.01513   -0.21908    0.40353   -0.36591
   0.47413    0.07431    0.09348    0.15692   -0.01793    0.37474   -0.41823
   0.13650    0.13560    0.12069    0.19703    0.01016    0.47276   -0.52199
  -0.52770   -0.36007   -0.37946   -0.28630   -0.53764   -0.11658   -0.54336
   0.48967   -0.15230   -0.12410   -0.08774   -0.26651    0.06066   -0.40902
  -0.23957    0.00425   -0.06341    0.07109   -0.15706    0.28376   -0.68205
   0.17120   -0.17101   -0.19337   -0.09196   -0.30503    0.27448   -0.35466
   0.71197    0.05077    0.04946    0.11786   -0.08995    0.14366   -0.38661
   0.68955    0.04352    0.04339    0.09768   -0.07633    0.03221   -0.37898
   0.69454   -0.08794   -0.11350   -0.01891   -0.22823    0.19129   -0.34820
  -0.51638    0.06813    0.02359    0.13561   -0.08514    0.20764   -0.44273
  -0.24406   -0.40558   -0.46151   -0.34942   -0.53954   -0.15382   -0.53702
   0.08729   -0.07567   -0.08809   -0.01143   -0.20516    0.31470   -0.33802
   0.31773   -0.19910   -0.17061   -0.13955   -0.34706    0.01130   -0.50456
   0.69584    0.11329    0.13259    0.16628    0.01654   -0.96744   -0.50336
  -0.27619   -0.14266   -0.17121   -0.07026   -0.28531    0.05950   -0.62329
   0.28860    0.03294    0.02972    0.10691   -0.09071    0.65890   -0.68205
  -0.16911    0.22915    0.18798    0.28158    0.12828    0.52056   -1.12882
   0.06995   -0.02264   -0.04758    0.03802   -0.16628    0.36926   -0.69627
  -0.57729    0.03832   -0.05616    0.09865   -0.09814    0.15217   -0.53496
   0.16407   -0.37314   -0.34649   -0.29227   -0.53547   -0.16147   -0.37922
   0.82136   -0.22701   -0.20946   -0.15998   -0.40040    0.26768   -0.40129
  -0.03559   -0.21081   -0.26088   -0.16213   -0.38056    0.23789   -0.59176
   0.01993    0.07585    0.03745    0.14382   -0.03781    0.59444   -0.76543
   0.19942   -0.10304   -0.11723   -0.03828   -0.26956    0.56065   -0.58842
  -0.30082   -0.27584   -0.39322   -0.22361   -0.48750    0.46781   -0.65360
   0.36745   -0.00987   -0.00427    0.05649   -0.11042    0.41863   -0.53582
  -0.19868    0.00246   -0.06070    0.07287   -0.18017    0.61335   -0.85525
   0.63116   -0.02325   -0.00945    0.02259   -0.17588    0.84144   -0.54912
   0.00115   -0.13340   -0.21927   -0.05386   -0.34169    0.38348   -0.57710
   0.31704   -0.27030   -0.24357   -0.19733   -0.45887    0.05919   -0.34753
   0.30396   -0.02978   -0.02821    0.04375   -0.15842    0.52380   -0.57873
  -0.12326   -0.00685   -0.04874    0.04830   -0.13213    0.33422   -0.73404
  -0.12258   -0.20680   -0.24396   -0.15635   -0.40848    0.29760   -0.68358
  -0.41935   -0.23561   -0.30024   -0.18298   -0.42166    0.16212   -0.38868
   0.58775    0.02940    0.03578    0.08877   -0.09347    0.18723   -0.44298
  -0.02420   -0.18520   -0.21636   -0.10437   -0.40854    0.15958   -0.64007
   0.65409   -0.27942   -0.29079   -0.21894   -0.46729    0.85480   -0.62553
   0.38226    0.24601    0.26431    0.30825    0.20537    0.31259   -0.55633
   0.65032    0.03571    0.02764    0.08679   -0.10613    0.86960   -0.55559
  -0.22896    0.09569    0.03210    0.15435   -0.07082    0.60949   -0.79641
   0.63024   -0.22039   -0.21367   -0.15419   -0.39604   -0.73681   -0.28172
  -0.05230   -0.20005   -0.30797   -0.13067   -0.39997    0.36205   -0.65509
  -0.48729   -0.23267   -0.27707   -0.15519   -0.42266    0.49229   -0.64515
   0.28767   -0.21426   -0.19961   -0.16189   -0.36177    0.00257   -0.47485
  -0.18055   -0.20111   -0.27951   -0.12318   -0.41219    0.42137   -0.71466
  -0.53974   -0.17257   -0.22587   -0.08206   -0.33418    0.02675   -0.63749
  -0.41168   -0.19434   -0.26325   -0.14040   -0.39260    0.09145   -0.34298
   0.12091   -0.18669   -0.23729   -0.13230   -0.36352    0.62306   -0.73350
  -0.45310   -0.22006   -0.29411   -0.17444   -0.40363    0.44669   -0.83858
  -0.40496   -0.10463   -0.17826   -0.04216   -0.28918    0.45050   -0.58482
   0.57852   -0.26110   -0.23530   -0.19147   -0.36710   -0.30530   -0.48918
   0.39349    0.30056    0.32059    0.35227    0.25585    0.18713   -0.48802
  -0.47712   -0.03718   -0.07548   -0.01207   -0.22953    0.01734   -0.85879
  -0.35246    0.10324    0.08790    0.16396    0.01972   -0.26475   -0.81852
  -0.46342   -0.24431   -0.31832   -0.16860   -0.44861    0.51387   -0.55647
   0.08956    0.07939    0.04929    0.04179   -0.04524    0.61583   -0.79603
  -0.13350   -0.14553   -0.25868   -0.06760   -0.32498    0.36029   -0.83045
   0.16692   -0.25761   -0.22769   -0.17871   -0.40119   -0.00990   -0.39810
   0.99097   -0.29718   -0.27675   -0.23333   -0.43541   -0.30307   -0.30791
  -0.04987   -0.12820   -0.23419   -0.06283   -0.36504    0.38828   -0.90635
  -0.38542   -0.04230   -0.09994    0.02369   -0.21774    0.22517   -0.61817
   0.90716   -0.26462   -0.26543   -0.20551   -0.40125   -0.26382   -0.34383
   0.24458    0.45056    0.46836    0.49808    0.40029    0.75065   -0.66145
   0.63249    0.12323    0.10829    0.16088    0.00486    0.22683   -0.29408
   0.54105   -0.35413   -0.39307   -0.28742   -0.59842   -0.08612   -0.15815
   0.81706    0.16949    0.17643    0.19128    0.05218    0.29374   -0.59265
  -0.38025    0.08181    0.07982    0.14260   -0.03635   -0.29595   -0.63045
   0.14508   -0.25707   -0.22681   -0.17959   -0.42403   -0.08071   -0.41541
   0.47451    0.20733    0.24266    0.28414    0.16789    0.42416   -0.45976
  -0.39439   -0.15343   -0.18160   -0.09478   -0.25524   -0.23735   -0.78794
   0.24892    0.24561    0.23132    0.30329    0.14940    0.64275   -0.79649
  -0.15381    0.01746   -0.02153    0.07393   -0.13126    0.34697   -0.72339
   0.73600   -0.03633   -0.03518    0.02088   -0.17081    0.06782   -0.36322
   0.02169    0.68403    0.70960    0.71234    0.68780   -0.91015   -0.67506
   0.05362    0.00371   -0.06910    0.04469   -0.14224    0.59264   -0.87358
   0.36751    0.02226    0.06002    0.09055   -0.06853    0.08335   -0.41413
  -0.17235    0.34801    0.30026    0.40168    0.25061    0.49202   -0.87597
   0.41435    0.30869    0.31472    0.35386    0.21191    0.76518   -0.55117
  -0.11772    0.03529    0.00543    0.10355   -0.11732    0.05912   -0.67160
   0.02152    0.04706    0.06252    0.10827   -0.05987   -0.03239   -0.56568
   0.47291    0.14945    0.17653    0.19226    0.03869    0.82404   -0.45942
   0.34184   -0.21558   -0.19741   -0.14054   -0.37814    0.07545   -0.34879
   0.39422    0.03500    0.03888    0.10577   -0.10601    0.72814   -0.69760
  -0.25484   -0.24404   -0.26838   -0.16769   -0.39749   -0.04693   -0.54948
   0.11164   -0.09479   -0.12766   -0.13750   -0.19826    0.65111   -0.90112
  -0.07613    0.15535    0.12990    0.16711    0.04019   -0.84404   -0.95201
  -0.24690    0.22714    0.20154    0.29129    0.11330    0.34905   -0.66501
   0.46026    0.48349    0.50671    0.53306    0.49103    0.28765   -0.62042
  -0.02134    0.09496    0.13092    0.17278    0.03945    0.00055   -0.40400
   0.30100    0.25751    0.25305    0.29006    0.16040   -0.29965   -0.76177
   0.86840   -0.16761   -0.15183   -0.10548   -0.28862   -0.31725   -0.46574
  -0.47586   -0.41020   -0.43769   -0.34830   -0.58123   -0.13932   -0.39862
   0.51400   -0.22945   -0.19961   -0.17222   -0.34855   -0.81423   -0.42301
  -0.36864    0.06884    0.01610    0.06922   -0.09584    0.11504   -0.81519
   0.39665   -0.12294   -0.09721   -0.06655   -0.25140    0.02158   -0.47911
   0.16051    0.32617    0.37867    0.29391    0.32844    0.66471   -0.64652
   0.71292   -0.19403   -0.19028   -0.17384   -0.36123   -0.40868   -0.63358
   0.21032    0.00280   -0.03532    0.06885   -0.14587    0.57406   -0.67322
   0.04953   -0.37657   -0.35082   -0.32766   -0.51318   -0.17495   -0.52973
  -0.09997    0.42594    0.43291    0.45083    0.36557    0.61002   -0.74910
   0.31162    0.53074    0.55703    0.58661    0.48630   -0.56537   -0.45595
   0.62712   -0.07129   -0.05717   -0.01310   -0.20642   -0.08329   -0.32212
   0.67699    0.63377    0.66530    0.67852    0.62387    0.08637   -0.33728
  -0.56924    0.02831    0.01377    0.08855   -0.10623    0.46962   -0.73472
  -0.22087    0.51439    0.53698    0.55099    0.48179   -0.82043   -0.64718
  -0.18546    0.09690    0.04684    0.15919   -0.04285    0.35033   -0.91853
  -0.20992   -0.15633   -0.17587   -0.09301   -0.31342   -0.04072   -0.53862
  -0.05150    0.03659   -0.02902    0.06274   -0.12484    0.61868   -0.95628
  -0.75199    0.10172    0.09994    0.15585   -0.03072    0.52183   -0.69712
   0.20390   -0.22539   -0.19622   -0.15667   -0.37636   -0.08077   -0.40217
  -0.49792    0.05194   -0.03310    0.11732   -0.12265    0.13837   -0.54449
   0.35601   -0.20448   -0.17130   -0.14011   -0.33122   -0.20284   -0.42202
  -0.55289    0.29890    0.29245    0.32333    0.18574    0.24125   -0.93859
  -0.35306   -0.22226   -0.32475   -0.19025   -0.43725    0.49310   -0.88060
  -0.09421   -0.08999   -0.16827   -0.04371   -0.28840    0.46656   -0.74383
   0.12656    0.00280    0.02030    0.05748   -0.14028   -0.33621   -0.55352
   0.70383   -0.13064   -0.14079   -0.04312   -0.28791    0.44017   -0.37122
   0.06848    0.15405    0.11447    0.14433    0.01214    0.23096   -0.71939
   0.33287    0.11667    0.10528    0.18760   -0.00638    0.71416   -0.72047
   0.04084   -0.06390   -0.15388    0.01246   -0.24767    0.33819   -0.58732
   0.17827   -0.05510   -0.04795    0.02978   -0.18673    0.30045   -0.51663
  -0.45871   -0.00219   -0.02591    0.06349   -0.15919    0.19314   -0.48550
   0.95175   -0.30966   -0.29628   -0.25353   -0.48983   -0.42400   -0.33156
   0.74103   -0.30359   -0.31069   -0.24209   -0.49735   -0.05940   -0.24209
  -0.40926   -0.32223   -0.40619   -0.26223   -0.55393    0.46638   -0.45514
  -0.59806   -0.08732   -0.13570   -0.01810   -0.20019   -0.01263   -0.79605
  -0.35386   -0.09766   -0.16431   -0.04362   -0.26730    0.52197   -0.59926
  -0.17884   -0.16023   -0.22846   -0.10025   -0.33533    0.36790   -0.77121
  -0.18734    0.09084    0.03527    0.15783   -0.04223    0.45399   -0.92904
  -0.18258    0.07618    0.03474    0.13117   -0.05984    0.31574   -0.86251
  -0.58837   -0.32757   -0.39247   -0.29642   -0.55793   -0.29351   -0.62024
   0.58459    0.21201    0.21548    0.24539    0.11061    0.16990   -0.40006
   0.41646    0.09025    0.09343    0.16784   -0.01676    0.35064   -0.55255
   0.51698    0.29304    0.31529    0.35072    0.21375    0.77896   -0.48465
  -0.01432   -0.20000   -0.23224   -0.13367   -0.36734    0.28417   -0.39096
  -0.26095   -0.22015   -0.28400   -0.15597   -0.39581    0.45348   -0.75640
   0.91069    0.03079    0.02719    0.09003   -0.09993   -0.01694   -0.33328
   0.39737   -0.11108   -0.09200   -0.04749   -0.22796    0.13615   -0.39558
   0.15706    0.42303    0.44932    0.45132    0.35277   -0.30382   -0.74436
   0.91160   -0.16219   -0.15914   -0.11387   -0.27452   -0.30523   -0.51170
   0.53161   -0.13855   -0.12130   -0.06608   -0.27482   -0.02833   -0.35860
  -0.27386    0.56353    0.57326    0.62142    0.51197   -0.70849   -0.67712
   0.14856   -0.14005   -0.11478   -0.08200   -0.27879   -0.36228   -0.55129
   0.11088   -0.01539   -0.06287    0.06031   -0.16098    0.53421   -0.69346
   0.99645   -0.20454   -0.20893   -0.13728   -0.36350   -0.17382   -0.31838
  -0.09259   -0.13759   -0.14094   -0.06694   -0.26234   -0.08859   -0.60482
  -0.34698    0.04754    0.00400    0.10460   -0.10241    0.35755   -0.68669
  -0.02165   -0.02365   -0.11438    0.03699   -0.21230    0.47045   -0.66111
   0.09034   -0.04835   -0.03516    0.00547   -0.13945   -0.17047   -0.65313
   0.04314   -0.35276   -0.38369   -0.27990   -0.53743    0.55472   -0.49107
   0.15265    0.00715   -0.00083    0.06220   -0.12407    0.37028   -0.50038
  -0.02163   -0.20438   -0.32732   -0.14104   -0.46777    0.38097   -0.36983
  -0.23029    0.09331    0.05971    0.16785   -0.01258    0.40430   -1.09426
   0.58455   -0.21312   -0.17808   -0.15480   -0.31890   -0.41556   -0.48478
  -0.16476   -0.01028   -0.07045    0.01138   -0.18368    0.18271   -0.62478
   0.67409    0.03245    0.03011    0.10947   -0.15090    1.00000   -0.51912
   0.21539   -0.02288   -0.05014    0.03994   -0.17957    0.58812   -0.75937
   0.27409    0.27115    0.25720    0.31628    0.17446    0.37166   -0.57903
  -0.31967    0.27054    0.30479    0.34104    0.24098   -0.02323   -0.55284
   0.61787   -0.43535   -0.40930   -0.36708   -0.62488   -0.19824   -0.22519
   0.07132   -0.75809   -0.67925   -0.73365   -0.90743   -0.40127    0.10008
   0.24013   -0.15468   -0.13426   -0.08828   -0.30737    0.01264   -0.49869
  -0.51073   -0.15155   -0.19322   -0.08774   -0.30460    0.50449   -0.69663
  -0.53243    0.22485    0.16274    0.18970    0.08819   -0.01344   -0.89899
  -0.09602   -0.13112   -0.18074   -0.08283   -0.29245    0.68369   -0.68497
   0.19640   -0.04456   -0.04808    0.02094   -0.17231    0.36799   -0.48629
  -0.20069   -0.28232   -0.34035   -0.22026   -0.49359   -0.01345   -0.57124
  -0.17345   -0.27909   -0.34136   -0.21131   -0.48231    0.43027   -0.35746
   0.28119   -0.10116   -0.08401   -0.03030   -0.19650    0.34858   -0.38042
   0.28052    0.03642    0.04169    0.10862   -0.07655    0.49470   -0.60635
  -0.48817    0.02659   -0.03064    0.07202   -0.12836    0.42924   -0.97544
   0.09226   -0.10827   -0.11685   -0.06297   -0.17235    0.60111   -0.64096
  -0.28392   -0.30066   -0.34283   -0.22668   -0.43696   -0.13505   -0.68036
   0.09310   -0.36716   -0.37209   -0.32489   -0.57598   -0.36662   -0.22847
  -0.76028    0.43511    0.42035    0.48927    0.34355    0.50229   -0.78954
   0.41291    0.54435    0.51317    0.54772    0.46028    0.85977   -0.55136
   0.07691   -0.31709   -0.30956   -0.24359   -0.50512    0.00640   -0.48237
   0.97491   -0.10216   -0.08208   -0.03609   -0.23752   -0.68843   -0.46866
   0.38896    0.03146    0.06604    0.08946   -0.01977    0.26454   -0.54526
   0.19491    0.17977    0.17402    0.24157    0.06155    0.54880   -0.48966
  -0.43112   -0.03909   -0.09513    0.01680   -0.21913    0.37199   -0.61711
   0.17432    0.30347    0.33589    0.36036    0.24076    0.00573   -0.50643
   0.71873   -0.14567   -0.10539   -0.08216   -0.27347   -0.51575   -0.39698
  -0.41618   -0.10514   -0.15517   -0.02370   -0.27792    0.25535   -0.54127
  -0.08818   -0.03048   -0.06338    0.04636   -0.15595    0.54317   -0.57186
   0.53258   -0.04813   -0.07251   -0.01221   -0.19985    0.14400   -0.53361
   0.78856   -0.25185   -0.24126   -0.17888   -0.46022    0.19987   -0.23771
   0.89414    0.36906    0.38226    0.43465    0.28984    0.12214   -0.34524
  -0.12588    0.05609    0.01909    0.11686   -0.09899    0.67380   -0.77684
   0.19948   -0.09380   -0.10477   -0.02705   -0.22992    0.16774   -0.48272
   0.17118   -0.18913   -0.24690   -0.12396   -0.38113    0.60250   -0.47480
   0.80199   -0.34036   -0.31509   -0.26419   -0.52005   -0.44084   -0.34596
   0.17041   -0.05219   -0.06692    0.01601   -0.18737    0.36354   -0.45686
   0.08172   -0.21157   -0.25700   -0.15334   -0.36638    0.67003   -0.75937
  -0.69074    0.04010    0.00594    0.07688   -0.04994   -0.00274   -0.91548
   0.25654    0.19156    0.19124    0.25543    0.08693    0.52747   -0.63280
   0.87468   -0.08384   -0.07879   -0.01895   -0.19790   -0.70523   -0.52721
   0.26322    0.14565    0.14663    0.17971    0.04171    0.54054   -0.67076
  -0.25945    0.27678    0.27408    0.34427    0.19712    0.51747   -0.84322
  -0.54918    0.23578    0.23836    0.29450    0.14001    0.25779   -0.76327
   0.02898   -0.08704   -0.11181   -0.01506   -0.24099    0.53769   -0.61003
   0.44600    0.21708    0.22769    0.28475    0.11041    0.65470   -0.59938
   0.17008    0.45719    0.46523    0.49903    0.42220    0.68353   -0.69892
   0.11794   -0.15664   -0.23061   -0.09832   -0.34646    0.43184   -0.69754
  -0.59240   -0.17869   -0.16026   -0.11117   -0.29521   -0.09833   -0.41030
  -0.36021    0.07219    0.03558    0.13591   -0.06427    0.09147   -0.56374
  -0.64272   -0.05055   -0.10275    0.01228   -0.20824   -0.11269   -0.68526
   0.96929   -0.30214   -0.27629   -0.25155   -0.45923   -0.79791   -0.60717
   0.01218   -0.28568   -0.36463   -0.23986   -0.45394    0.67218   -0.40369
   0.29981   -0.07568   -0.09499   -0.00808   -0.22901    0.65413   -0.64194
  -0.02126    0.03509   -0.00013    0.11112   -0.10237    0.25680   -0.60185
  -0.04688   -0.04694   -0.14600   -0.00777   -0.23743    0.65427   -0.84486
   0.75226    0.04922    0.06716    0.11387   -0.06539   -0.59123   -0.34225
   0.29900    0.06082    0.05870    0.12368   -0.01381    0.54182   -0.56914
   0.03397    0.27490    0.29709    0.34237    0.23641    0.64753   -0.58170
   0.53270    0.05274    0.06343    0.11524   -0.06930    0.39969   -0.57422
   0.30941    0.07193    0.08828    0.13675   -0.02716    0.15690   -0.52790
  -0.52227   -0.15333   -0.20561   -0.07444   -0.31699    0.07676   -0.62750
  -0.04920   -0.00001   -0.05742    0.04158   -0.15330    0.59849   -1.01269
   0.86912   -0.51815   -0.48367   -0.45574   -0.70457   -0.39099   -0.17217
  -0.02030   -0.00805   -0.09440    0.07149   -0.18206    0.53641   -0.72205
   0.78902   -0.39859   -0.36196   -0.33353   -0.57009   -0.55017   -0.36457
  -0.38541   -0.06843   -0.09797    0.00710   -0.25273    0.24026   -0.57895
  -0.56186   -0.12656   -0.14199   -0.04856   -0.28036   -0.10703   -0.53243
   0.32170    0.34741    0.35457    0.40159    0.30210    0.21762   -0.54248
  -0.33550   -0.11960   -0.19602   -0.06171   -0.29384    0.31060   -0.63907
   0.19244    0.09739    0.09157    0.17551   -0.01692    0.21190   -0.46767
  -0.05976   -0.06272   -0.10248    0.01113   -0.18398    0.31226   -0.85809
  -0.01309    0.14674    0.05437    0.20423   -0.02107    0.58363   -0.83996
  -0.28294   -0.37551   -0.43847   -0.30839   -0.58586   -0.17164   -0.54768
   0.23534   -0.06924   -0.05753   -0.00381   -0.16842    0.27189   -0.53093
   0.10459   -0.21270   -0.21242   -0.13230   -0.37189    0.02218   -0.51948
   0.29941   -0.02789   -0.02387    0.05135   -0.15329    0.46351   -0.57705
  -0.30264   -0.31274   -0.36773   -0.24599   -0.50708    0.00867   -0.52832
   0.25790   -0.16477   -0.14455   -0.10285   -0.26880    0.21619   -0.40342
  -0.06513    0.12621    0.05938    0.19994   -0.00652    0.52117   -0.59759
   0.31757   -0.10993   -0.10566   -0.03457   -0.27313    0.10777   -0.51356
   0.83680    0.10193    0.09068    0.13029   -0.01649   -0.02030   -0.48612
   0.50977    0.14777    0.15097    0.19468    0.05411    0.25220   -0.45359
  -0.77624    0.19089    0.10440    0.19504    0.02344   -0.12035   -1.22801
   0.38385   -0.11635   -0.09085   -0.06056   -0.22725   -0.01071   -0.51798
  -0.15391   -0.18411   -0.22628   -0.10732   -0.36525    0.68006   -0.67081
  -0.09631   -0.58551   -0.56244   -0.52302   -0.69375   -0.17260   -0.21375
   0.26541   -0.07710   -0.07197   -0.00660   -0.20061    0.30645   -0.46192
   0.45233    0.29732    0.28774    0.29270    0.18026    0.82147   -0.58816
   0.46357   -0.08803   -0.06203   -0.01463   -0.20324   -1.00000   -0.40319
  -0.46208   -0.32031   -0.35908   -0.25314   -0.52209   -0.09445   -0.52567
   0.54283    0.28123    0.29282    0.34160    0.17539    0.89176   -0.38166
   0.40009    0.30483    0.36478    0.37806    0.22097    0.90672   -0.32016
  -0.91322    0.65656    0.67587    0.72899    0.62226    0.54635   -0.67204
   0.95955   -0.15283   -0.16307   -0.07172   -0.31614   -0.01615   -0.26763
   0.34180   -0.20225   -0.18881   -0.12912   -0.35542    0.10774   -0.49041
   0.54778    0.07016    0.09051    0.13619   -0.03894    0.23278   -0.37699
   0.53332    0.22210    0.24686    0.27059    0.12838    0.85620   -0.53259
   0.67624   -0.00614   -0.01392    0.07318   -0.15421    0.27168   -0.33674
   0.39768   -0.06046   -0.03706   -0.01003   -0.12820   -0.38893   -0.70983
  -0.23173   -0.06320   -0.11323    0.01218   -0.23385    0.24313   -0.62575
   0.18324    0.02505    0.06626    0.05739   -0.05667   -0.84152   -0.64150
   0.01782   -0.38172   -0.34362   -0.32686   -0.54944   -0.39323   -0.26398
  -0.28263    0.20801    0.19909    0.26928    0.11129   -0.02672   -0.74643
   0.59307   -0.04780   -0.03082    0.01228   -0.20783    0.83145   -0.52502
   0.62724    0.23846    0.24790    0.28916    0.12125    0.92383   -0.46716
  -0.14985   -0.03532   -0.04610    0.03265   -0.16701    0.46354   -0.61896
  -0.15077   -0.18010   -0.26066   -0.14227   -0.37072    0.16528   -0.70558
   0.01254   -0.11660   -0.19138   -0.14408   -0.28749    0.54260   -0.88687
  -0.05154   -0.17295   -0.20840   -0.10198   -0.34573    0.70562   -0.73745
   0.12936    0.04441    0.04585    0.12497   -0.06403    0.49502   -0.59270
   0.31793   -0.01063   -0.00286    0.06347   -0.11659    0.38799   -0.48990
   0.64214   -0.31694   -0.28844   -0.24271   -0.43711   -0.30534   -0.38455
   0.65421    0.11236    0.14295    0.17553    0.01617    0.36621   -0.45104
  -0.27023    0.50644    0.52948    0.53381    0.47421    0.41303   -0.73289
   0.61511    0.10750    0.12969    0.15162   -0.01819    0.82298   -0.48897
   0.14027    0.63328    0.65301    0.69963    0.62655    0.19347   -0.37609
   0.48357    0.29949    0.29706    0.32821    0.19520    0.79145   -0.45559
   0.15158   -0.01571   -0.04599    0.05398   -0.14912    0.49091   -0.45078
  -0.11465    0.10186    0.06893    0.15598   -0.01963    0.31238   -0.88954
  -0.42670   -0.04900   -0.08769    0.02256   -0.22451    0.21190   -0.52559
   0.53987   -0.22379   -0.22564   -0.15974   -0.35434    0.01062   -0.53682
   0.21453   -0.17537   -0.17711   -0.10088   -0.32238    0.10456   -0.45125
  -0.10357    0.16398    0.10817    0.22834    0.03818    0.50210   -0.71019
   0.35009    0.12914    0.13217    0.18862    0.02335    0.45194   -0.60488
   0.51052    0.02630    0.04054    0.07617   -0.09344    0.80578   -0.55975
  -0.36898    0.06745    0.05088    0.12734   -0.06558    0.34553   -0.68730
   0.62124   -0.01278   -0.00712    0.02640   -0.13414    0.05915   -0.34776
  -0.42420   -0.09996   -0.14065   -0.03234   -0.28205    0.11597   -0.45421
  -0.35759   -0.00610   -0.02923    0.06678   -0.13640    0.03457   -0.71056
   0.01073    0.08044    0.01917    0.14700   -0.07939    0.40069   -0.48858
   0.23554    0.14775    0.18203    0.22472    0.08845    0.33242   -0.51885
  -0.48297    0.04640   -0.01178    0.11876   -0.11679    0.33440   -0.68002
  -0.09837    0.18744    0.14662    0.25275    0.07106    0.53151   -0.75150
   0.64977   -0.30820   -0.30844   -0.23214   -0.52188   -0.04505   -0.21439
   0.08122   -0.25104   -0.31126   -0.18200   -0.41795    0.67805   -0.71945
  -0.25796    0.18730    0.14530    0.20885    0.03585    0.54885   -1.07354
  -0.14054    0.10338    0.09087    0.17235   -0.01098    0.58054   -0.66831
   0.49000    0.02883    0.03588    0.08136   -0.09351    0.67436   -0.57611
   0.31448    0.31603    0.29930    0.38835    0.19185    0.69607   -0.61870
   0.10475   -0.04023   -0.06148    0.00334   -0.16656    0.37886   -0.71522
   0.30977    0.30110    0.32331    0.33589    0.22339   -0.33686   -0.54856
  -0.03550   -0.23732   -0.33780   -0.16702   -0.46155    0.36654   -0.69315
   0.34930   -0.06926   -0.07028    0.01150   -0.17845    0.40066   -0.50703
   0.72706    0.04399    0.05549    0.08790   -0.08206   -0.08593   -0.38694
   0.24274   -0.08201   -0.08213    0.00425   -0.21975    0.29876   -0.44712
  -0.09547    0.19118    0.17240    0.22168    0.08143    0.33569   -0.78841
   0.76553   -0.09292   -0.06072   -0.01470   -0.25003    0.22633   -0.21878
   0.11664    0.11871    0.10741    0.17801    0.01951    0.46735   -0.61636
   0.37643    0.42123    0.43141    0.48005    0.38680    0.28038   -0.58568
   0.12078    0.15243    0.11720    0.22493    0.04753    0.17110   -0.59170
   0.45120   -0.01095    0.00023    0.03938   -0.09288    0.25104   -0.51897
   0.11907   -0.06408   -0.06783    0.01054   -0.20332    0.07519   -0.39573
  -0.04012   -0.21253   -0.27848   -0.13686   -0.41239    0.28548   -0.64894
   0.78007   -0.21627   -0.19410   -0.17145   -0.33675   -0.38165   -0.59110
  -0.16555   -0.20204   -0.27328   -0.15235   -0.40351    0.65539   -0.61749
  -0.28041    0.03020    0.03451    0.10039   -0.05782    0.42011   -0.89112
   0.29011    0.43460    0.41796    0.49438    0.36315    0.70619   -0.77671
  -0.22232    0.04569    0.01008    0.11532   -0.07672    0.54158   -0.80432
   0.21835   -0.01251   -0.02667    0.02572   -0.15307    0.44045   -0.75773
  -0.19693   -0.25426   -0.25833   -0.17053   -0.44381   -0.35091   -0.41525
   0.44661   -0.09868   -0.07896   -0.04104   -0.23823   -0.62490   -0.37118
  -0.53300    0.17295    0.16447    0.24637    0.05624    0.28842   -0.65086
  -0.46796    0.08399    0.07050    0.09029   -0.06180    0.36410   -0.96852
  -0.27619    0.09747    0.08113    0.17080    0.00324    0.39395   -0.91924
  -0.59674   -0.07064   -0.16840   -0.01431   -0.21630    0.17153   -0.43340
   0.40821    0.35450    0.37749    0.42056    0.31120    0.51850   -0.54762
   0.25229    0.42903    0.45578    0.47398    0.39986    0.71240   -0.63548
   0.79922   -0.58665   -0.57377   -0.51175   -0.79466   -0.26627   -0.19969
   0.36465    0.46817    0.49128    0.51448    0.42129   -0.00803   -0.54069
  -0.03793   -0.26028   -0.39504   -0.20267   -0.54292    0.44861   -0.67119
  -0.02723   -0.09578   -0.17693   -0.02072   -0.26807    0.51895   -0.61964
   0.11163   -0.14620   -0.17083   -0.05533   -0.31275    0.09295   -0.45101
   0.31413    0.24493    0.26644    0.27681    0.14664   -0.98877   -0.51063
   0.41479    0.18296    0.16317    0.17045    0.08321    0.25259   -0.63806
  -0.10906    0.03289   -0.01893    0.10136   -0.12275    0.48999   -0.85397
   0.06768   -0.19910   -0.23741   -0.15411   -0.35882    0.56269   -0.77568
  -0.28408    0.01490   -0.07143    0.00777   -0.17978    0.18809   -0.92608
  -0.13309    0.21913    0.20092    0.26485    0.12254   -0.21105   -0.96330
  -0.04805    0.02773   -0.06042    0.08891   -0.15328    0.41588   -0.84004
   0.55180    0.07233    0.09519    0.12768   -0.04233    0.86524   -0.51418
   0.19356    0.09100    0.08233    0.09963   -0.04618   -0.89836   -0.89212
   0.07308   -0.25066   -0.26433   -0.17704   -0.40224    0.32288   -0.53594
   0.03341    0.08157   -0.02199    0.14499   -0.07404    0.50413   -0.85160
  -0.31878    0.19378    0.17496    0.24002    0.07800    0.56410   -0.97507
   0.24325    0.26975    0.27953    0.33773    0.20978    0.24580   -0.54665
  -0.10945    0.01996   -0.02409    0.08699   -0.13708    0.35829   -0.85044
   0.32615    0.08197    0.09259    0.13958   -0.02913    0.48209   -0.56088
   0.72601   -0.16529   -0.17481   -0.12818   -0.32919   -0.00285   -0.24162
  -0.54662   -0.15244   -0.21559   -0.08128   -0.31107   -0.02478   -0.65500
  -0.04145   -0.03378   -0.12049    0.02502   -0.23317    0.43297   -0.86124
   0.14563   -0.01130   -0.02249    0.06095   -0.15734    0.31241   -0.52411
  -0.15472   -0.01420   -0.06199    0.04161   -0.17555    0.32962   -0.82378
  -0.38298   -0.08071   -0.07421   -0.00636   -0.17185   -0.06763   -0.64526
   0.17083   -0.04497   -0.07241    0.02194   -0.18537    0.24381   -0.43910
  -0.17470    0.18318    0.15947    0.24380    0.07126    0.29221   -0.74781
  -0.24637   -0.03037   -0.07165    0.00537   -0.19214    0.09691   -0.64892
   0.26925   -0.18329   -0.17173   -0.11282   -0.33406   -0.04330   -0.49121
   0.19610    0.59634    0.53655    0.58037    0.49846    0.68207   -0.77520
  -0.59249   -0.06602   -0.09170   -0.02291   -0.24899    0.48576   -0.83299
   0.13979   -0.15628   -0.17138   -0.07770   -0.31849    0.11785   -0.39789
  -0.14771    0.02511   -0.04169    0.09108   -0.12675    0.30119   -0.57105
  -0.62315   -0.23817   -0.27343   -0.17556   -0.43726    0.44954   -0.55080
   0.26992   -0.14759   -0.11475   -0.08278   -0.26477   -0.16104   -0.54648
   0.75039   -0.11419   -0.09552   -0.06227   -0.22870   -0.87846   -0.55807
   0.20997    0.34666    0.33945    0.38653    0.26727    0.75180   -0.62986
  -0.11135   -0.05546   -0.12322    0.01860   -0.22658    0.26611   -0.65312
  -0.47040   -0.21406   -0.29070   -0.14858   -0.39524    0.06145   -0.71126
   0.48506    0.12231    0.11618    0.15964    0.00207    0.64110   -0.60203
  -0.03762   -0.11012   -0.20893   -0.03361   -0.26758    0.35021   -0.81716
   0.16098    0.39911    0.45789    0.46769    0.40747    0.03878   -0.43529
   0.11599   -0.10975   -0.14312   -0.03613   -0.23758    0.22970   -0.37157
  -0.17241   -0.23810   -0.26017   -0.16810   -0.42303   -0.12850   -0.57476
   0.47123   -0.24393   -0.27108   -0.19053   -0.43803   -0.71524   -0.52913
  -0.25371   -0.18428   -0.20978   -0.11455   -0.34596    0.11526   -0.49295
   0.57436   -0.03938   -0.04107    0.02899   -0.18670    0.72309   -0.52821
  -0.33199    0.19031    0.14391    0.20528    0.08089   -0.68644   -1.02057
   0.20409   -0.02613   -0.01686    0.05610   -0.15774    0.31102   -0.41753
   0.20725   -0.01921   -0.02318    0.03890   -0.16062    0.12090   -0.59539
   0.07658   -0.33586   -0.29706   -0.26349   -0.49316   -0.11954   -0.37100
  -0.33301   -0.10975   -0.13416   -0.04459   -0.24833    0.43638   -0.76831
  -0.13077    0.06456    0.01528    0.13029   -0.07079    0.39922   -0.78565
   0.11176    0.04300    0.02674    0.11764   -0.06204    0.24714   -0.47808
  -0.52784   -0.51553   -0.52446   -0.48068   -0.69953   -0.29018   -0.47650
   0.60187   -0.07801   -0.08014    0.00444   -0.22389    0.23602   -0.39190
   0.14487   -0.18283   -0.22965   -0.12448   -0.35171    0.40846   -0.66148
   0.05971    0.45659    0.47756    0.50498    0.41463   -0.05447   -0.59590
   0.35202    0.38718    0.41892    0.42032    0.35844    0.77334   -0.53504
  -0.07222    0.00995   -0.04739    0.07160   -0.15338    0.18925   -0.70429
  -0.02976   -0.12160   -0.13654   -0.04523   -0.30761    0.05533   -0.44038
   0.11183   -0.38013   -0.35273   -0.31366   -0.54365   -0.02378   -0.44281
  -0.46779   -0.11588   -0.18366   -0.04493   -0.30652    0.31533   -0.56517
   0.53977   -0.20341   -0.18128   -0.13135   -0.32581    0.09376   -0.43818
   0.32861   -0.10458   -0.10583   -0.07114   -0.24190   -0.04311   -0.66372
   0.23638   -0.13722   -0.11790   -0.06125   -0.27945   -0.02152   -0.45999
   0.20804    0.56987    0.57557    0.60545    0.54649    0.68185   -0.57216
   0.23618   -0.17207   -0.16160   -0.09769   -0.32887   -0.00349   -0.37696
   0.76325   -0.23994   -0.20914   -0.17933   -0.33226   -0.91818   -0.56583
   0.36930    0.11971    0.13427    0.19056    0.04157    0.20431   -0.51243
  -0.27515    0.05555    0.01496    0.13339   -0.07981    0.33916   -0.72759
  -0.02213   -0.02698   -0.03550    0.05532   -0.19109    0.07377   -0.44320
  -0.28865    0.56673    0.56159    0.61182    0.50352    0.31873   -0.63033
   0.76204   -0.01400   -0.03728    0.06352   -0.17605    0.05837   -0.31341
  -0.34059   -0.06222   -0.07404   -0.02276   -0.23117   -0.49351   -0.61104
  -0.08971   -0.01534   -0.02357    0.05447   -0.14557   -0.05416   -0.64497
   0.22456   -0.12152   -0.12632   -0.06274   -0.24009    0.25797   -0.53703
  -0.11067    0.23101    0.19340    0.29424    0.13444    0.51945   -0.68462
   0.72071   -0.02242   -0.00888    0.05535   -0.16834    0.29654   -0.44351
  -0.01867    0.51291    0.50092    0.53785    0.44934   -0.83815   -0.80554
   0.79543    0.10646    0.09879    0.18002   -0.03473    0.00729   -0.36183
  -0.19649   -0.18622   -0.23194   -0.11983   -0.34973    0.42979   -0.80486
   0.40745    0.60342    0.61281    0.63038    0.57119    0.81897   -0.47629
   0.12986    0.12521    0.08436    0.17990   -0.01901    0.60204   -0.84715
  -0.16759    0.15147    0.11488    0.20920    0.04714    0.54351   -0.89591
  -0.58605   -0.07221   -0.12175   -0.02651   -0.20172    0.18100   -0.34512
  -0.66686    0.41021    0.41868    0.47905    0.30578    0.52213   -0.69346
  -0.25547   -0.11736   -0.21263   -0.09120   -0.33002    0.20305   -0.62472
   0.31002    0.21261    0.19156    0.25414    0.09141    0.59459   -0.76807
   0.09137   -0.28061   -0.32251   -0.24460   -0.43703    0.57166   -0.77238
   0.84443   -0.15718   -0.14582   -0.11111   -0.26771   -0.79961   -0.59303
  -0.53292   -0.06623   -0.12094    0.00056   -0.22252    0.10922   -0.40526
   0.27510   -0.07607   -0.07818   -0.00297   -0.18080    0.21217   -0.56814
   0.81092   -0.46728   -0.44360   -0.41941   -0.64171   -0.52786   -0.43923
  -0.48502   -0.07599   -0.15994   -0.04104   -0.24699    0.41418   -0.84143
  -0.19066    0.24798    0.17508    0.19936    0.09652    0.65372   -1.59596
   0.03261   -0.13949   -0.24248   -0.07399   -0.35963    0.40991   -0.65640
  -0.21415   -0.00348   -0.05960    0.06600   -0.15770    0.28528   -0.63667
   0.39880    0.09284    0.08497    0.12420    0.00400    0.87023   -0.46504
  -0.34542   -0.01913   -0.08884    0.02981   -0.16881    0.41051   -0.89289
   0.75509   -0.08807   -0.09808   -0.01310   -0.23934    0.08080   -0.34293
   0.26699    0.02280    0.02683    0.08322   -0.09073    0.42924   -0.65573
   0.36733    0.04905    0.06074    0.12238   -0.05547    0.34113   -0.50747
   0.37880    0.38082    0.38876    0.40869    0.30996    0.84125   -0.56401
  -0.59601    0.10721    0.11687    0.16867   -0.00445    0.51265   -0.69416
   0.13815   -0.07010   -0.14032   -0.00534   -0.23319    0.61598   -0.67626
  -0.20587   -0.21227   -0.24286   -0.18489   -0.37114   -0.22383   -0.68095
   0.02447   -0.10526   -0.14935   -0.02617   -0.28913    0.12213   -0.54133
  -0.69712    0.32540    0.35859    0.38720    0.26484    0.51900   -0.74317
  -0.52851   -0.04671   -0.11462    0.00056   -0.19749    0.15258   -0.44342
   0.40291    0.50304    0.46478    0.52142    0.41273    0.87704   -0.59474
   0.50249    0.27245    0.27294    0.34731    0.19941    0.46809   -0.52850
  -0.35710   -0.11431   -0.14946   -0.05253   -0.24980    0.38905   -0.79767
   0.39741   -0.00028    0.03744    0.06956   -0.08835    0.06648   -0.46844
   0.44403    0.19071    0.18977    0.24851    0.06142    0.60900   -0.60691
   0.16581   -0.16445   -0.19225   -0.08898   -0.32456    0.15709   -0.46268
   0.01159   -0.16488   -0.25279   -0.09169   -0.37353    0.19282   -0.41921
   0.54759   -0.64874   -0.58499   -0.58711   -0.82846   -0.66729   -0.05327
  -0.72770   -0.63905   -0.65649   -0.57904   -0.77255   -0.09352   -0.39367
   0.65654   -0.30835   -0.31773   -0.23250   -0.52121   -0.02647   -0.30511
  -0.73164    0.41118    0.43722    0.47081    0.33979    0.53758   -0.57220
  -0.03518   -0.33949   -0.42571   -0.26223   -0.58540    0.38294   -0.39814
  -0.18682    0.34157    0.34706    0.38217    0.26618    0.33102   -0.75942
  -0.13074   -0.14218   -0.22097   -0.09905   -0.33253    0.25824   -0.64281
   0.55697   -0.48239   -0.50416   -0.44672   -0.72828   -0.17100   -0.38271
   0.29950   -0.37026   -0.34603   -0.31055   -0.53158   -0.15783   -0.44019
   0.03695   -0.30196   -0.43085   -0.25367   -0.58609    0.43202   -0.82011
  -0.42207   -0.24309   -0.33206   -0.18773   -0.45044    0.44098   -0.71105
   0.67991    0.22842    0.27335    0.30489    0.18847    0.10706   -0.29907
   0.94860    0.12000    0.12948    0.14832    0.01238   -0.19870   -0.60106
   0.77105   -0.31166   -0.38832   -0.23333   -0.51192   -0.12431   -0.24074
  -0.34836    0.00592   -0.05267    0.06671   -0.16717    0.53931   -0.70970
  -0.05141    0.07518    0.08300    0.15023   -0.01552    0.01120   -0.52555
   0.18803    0.13808    0.15275    0.20652    0.07548    0.35400   -0.50649
   0.70894   -0.44428   -0.40330   -0.38719   -0.59052   -0.34320   -0.19060
  -0.20788   -0.05236   -0.09755    0.02259   -0.22117    0.63697   -0.72083
  -0.18989    0.02790    0.00920    0.08208   -0.11803   -0.02734   -0.65144
   0.61070   -0.20778   -0.18238   -0.13053   -0.37157   -0.54979   -0.21592
   0.64553   -0.17160   -0.15299   -0.09384   -0.33075    0.34165   -0.37193
   0.29950   -0.55110   -0.49670   -0.49706   -0.75260   -0.18155   -0.27701
   0.44655    0.14168    0.13961    0.21383    0.02971    0.33951   -0.57009
   0.04052   -0.08219   -0.17095   -0.01854   -0.27455    0.39776   -0.76526
   0.16384   -0.22054   -0.28836   -0.18425   -0.43219    0.53217   -0.55493
   0.42695   -0.15380   -0.12110   -0.08914   -0.27856    0.05399   -0.39389
   0.29673    0.33463    0.32341    0.38562    0.23127    0.60772   -0.61776
  -0.07563    0.00759   -0.06067    0.04295   -0.16965    0.62294   -0.86827
   0.95422    0.10013    0.13694    0.16867   -0.00110   -0.63931   -0.42164
   0.08466   -0.06356   -0.06613   -0.06014   -0.21722    0.34270   -0.87660
   0.18625    0.02196    0.00872    0.08693   -0.12282    0.43504   -0.63679
  -0.16924    0.17010    0.20473    0.23493    0.12798   -0.21125   -0.53347
   0.53295    0.57500    0.58555    0.61394    0.54304    0.64399   -0.50924
   0.10871   -0.19248   -0.18524   -0.13700   -0.30840    0.66285   -0.75638
  -0.02462   -0.07632   -0.09945   -0.04104   -0.20155    0.56715   -0.65658
   0.06723   -0.10215   -0.16937   -0.02709   -0.28035    0.33518   -0.53296
   0.58398   -0.37998   -0.37076   -0.32746   -0.56870   -0.13881   -0.28528
  -0.68055   -0.14389   -0.22693   -0.08828   -0.30362   -0.06868   -0.60653
   0.32808    0.08516    0.11459    0.13862   -0.00477   -0.09122   -0.62415
   0.15161   -0.29417   -0.31317   -0.25974   -0.42038    0.65235   -1.16718
   0.26362   -0.24169   -0.19386   -0.21089   -0.34682   -0.36023   -0.43852
   0.64012    0.07075    0.10077    0.14236   -0.08434    0.97321   -0.36598
   0.29753   -0.46566   -0.43789   -0.40395   -0.64523   -0.13787   -0.40967
   0.17234   -0.32422   -0.35333   -0.25208   -0.52253    0.51343   -0.39627
   0.07035    0.06846    0.04046    0.14187   -0.07625    0.19270   -0.58529
  -0.02263   -0.02443   -0.12820    0.03826   -0.21016    0.45182   -0.65782
   0.59236   -0.01966    0.02144    0.06542   -0.17162    0.93234   -0.26529
  -0.44037   -0.12758   -0.20077   -0.06717   -0.30873    0.48161   -0.71067
  -0.38834   -0.09732   -0.14973   -0.02716   -0.24297    0.51489   -0.80793
   0.14943   -0.12411   -0.08474   -0.08662   -0.18714    0.65117   -0.74105
  -0.14564    0.47467    0.48096    0.50667    0.42632    0.53292   -0.71310
  -0.33351    0.75435    0.76876    0.76707    0.72338   -0.73656   -0.65938
  -0.05864   -0.40230   -0.38671   -0.34653   -0.45396   -0.21099   -0.41549
  -0.43094    0.24126    0.22257    0.29092    0.18127   -0.23392   -0.78763
   0.20016   -0.35481   -0.32151   -0.28393   -0.50284   -0.13990   -0.34031
   0.03440    0.13584    0.11765    0.18048    0.01898    0.22026   -0.58824
   0.05530   -0.20975   -0.23091   -0.16270   -0.39456   -0.49047   -0.56904
   0.11473   -0.57393   -0.52289   -0.48917   -0.76959   -0.57258   -0.16502
   0.16851    0.06963    0.07305    0.12355   -0.01127    0.39528   -0.77048
   0.89360   -0.19640   -0.14548   -0.13155   -0.29983   -0.79457   -0.26350
   0.70452   -0.02011   -0.02635    0.05125   -0.14683    0.21856   -0.37422
  -0.05465    0.00404   -0.04082    0.07510   -0.14956    0.26920   -0.64166
  -0.38943    0.09182    0.07848    0.13462   -0.01509    0.17903   -0.64622
  -0.40584   -0.06015   -0.08979    0.01655   -0.19267    0.05698   -0.64982
   0.91687   -0.27289   -0.24723   -0.21057   -0.42171   -0.57623   -0.24116
   0.96644   -0.27073   -0.25314   -0.24134   -0.44326   -0.46068   -0.42715
   0.76177   -0.19155   -0.18247   -0.11480   -0.36199    0.38546   -0.21006
   0.31922    0.05981    0.07989    0.13021   -0.03771    0.33816   -0.45988
   0.26968   -0.25845   -0.22876   -0.18727   -0.44352   -0.14111   -0.43813
  -0.07950   -0.11147   -0.13924   -0.04037   -0.24933    0.28777   -0.62518
   0.87087   -0.20897   -0.22430   -0.13997   -0.32065   -0.20830   -0.31185
   0.77012   -0.41829   -0.44704   -0.45494   -0.63311   -0.18117   -0.61593
   0.62709    0.25897    0.27240    0.31959    0.18996    0.26345   -0.38954
   0.65012    0.32719    0.36926    0.39342    0.30141    0.10085   -0.30351
   0.53686   -0.25505   -0.25002   -0.19597   -0.43437   -0.14002   -0.28277
   0.63428    0.16766    0.17982    0.16423    0.06445   -0.97168   -0.42497
  -0.28346   -0.76655   -0.74684   -0.84767   -0.96680   -0.15302   -0.34687
  -0.14844   -0.06861   -0.11500    0.00337   -0.25640    0.07797   -0.46249
  -0.41080    0.52620    0.54158    0.57510    0.46048   -0.56146   -0.73194
  -0.52876   -0.16055   -0.15866   -0.07821   -0.29336   -0.09767   -0.50918
   0.21202    0.16763    0.18375    0.22858    0.09787    0.34701   -0.55898
   0.43462   -0.16520   -0.13485   -0.10343   -0.26012   -0.31938   -0.58195
   0.84360   -0.19795   -0.17835   -0.11548   -0.35656    0.23485   -0.27164
  -0.32022   -0.23436   -0.29706   -0.19375   -0.40713   -0.20825   -0.67098
  -0.35971   -0.25171   -0.32837   -0.20277   -0.43418    0.42177   -0.76503
  -0.50954   -0.21737   -0.28142   -0.15488   -0.40918    0.39042   -0.74427
