  -0.07862   -0.07954   -0.15125   -0.00881   -0.27285    0.16973   -0.64851
  -0.38834   -0.09732   -0.14973   -0.02716   -0.24297    0.51489   -0.80793
  -0.11296    0.22690    0.18213    0.28686    0.11244    0.54387   -0.85865
   0.65012    0.32719    0.36926    0.39342    0.30141    0.10085   -0.30351
  -0.07726    0.19416    0.17618    0.18182    0.08155    0.59350   -0.76073
  -0.54662   -0.15244   -0.21559   -0.08128   -0.31107   -0.02478   -0.65500
   0.26992   -0.14759   -0.11475   -0.08278   -0.26477   -0.16104   -0.54648
   0.59057   -0.15015   -0.15095   -0.07994   -0.29048    0.04610   -0.31068
  -0.42937   -0.38347   -0.39672   -0.31366   -0.53560   -0.16287   -0.45269
   0.48506    0.12231    0.11618    0.15964    0.00207    0.64110   -0.60203
  -0.15503   -0.07546   -0.13177   -0.00067   -0.27516    0.41879   -0.65470
  -0.81250    0.10422    0.09673    0.17391   -0.04067    0.51492   -0.65529
  -0.34239    0.04960   -0.00583    0.11038   -0.10546    0.37196   -0.83201
   0.28971   -0.22382   -0.22628   -0.15038   -0.38167    0.14758   -0.50059
  -0.24864   -0.09826   -0.14360   -0.03493   -0.28306    0.01294   -0.69156
   0.32665    0.66169    0.61295    0.44405    0.55653    0.77949   -1.07322
   0.69584    0.11329    0.13259    0.16628    0.01654   -0.96744   -0.50336
   0.12370   -0.13334   -0.17376   -0.05342   -0.29038    0.15590   -0.46436
  -0.13826    0.18632    0.13381    0.23881    0.06605    0.50738   -0.91317
  -0.08848   -0.00363   -0.08179    0.05065   -0.19565    0.45213   -0.79885
   0.39741   -0.00028    0.03744    0.06956   -0.08835    0.06648   -0.46844
   0.16070   -0.23529   -0.17151   -0.16375   -0.35157   -0.32618   -0.41129
  -0.03903    0.16078    0.15242    0.22107    0.05833   -0.43812   -0.76842
   0.24274   -0.08201   -0.08213    0.00425   -0.21975    0.29876   -0.44712
   0.04955   -0.27081   -0.25239   -0.22463   -0.37620   -0.19037   -0.57123
  -0.45670   -0.03061   -0.07014    0.04541   -0.19294    0.08343   -0.60149
  -0.05347   -0.24737   -0.35406   -0.24830   -0.44490    0.22704   -0.71304
  -0.05976   -0.06272   -0.10248    0.01113   -0.18398    0.31226   -0.85809
  -0.51684   -0.12914   -0.20824   -0.08952   -0.33083    0.43598   -0.97075
   0.53686   -0.25505   -0.25002   -0.19597   -0.43437   -0.14002   -0.28277
   0.07609    0.03406    0.00122    0.06586   -0.11530    0.14576   -0.61435
   0.01400   -0.11844   -0.19636   -0.06794   -0.28374    0.63106   -0.64766
   0.44492    0.13223    0.13797    0.18239    0.01615    0.78734   -0.50017
  -0.15011   -0.04847   -0.10628    0.02056   -0.22089    0.27318   -0.75596
  -0.31963   -0.19296   -0.17649   -0.22806   -0.29766   -0.47026   -0.62702
   0.38896    0.03146    0.06604    0.08946   -0.01977    0.26454   -0.54526
  -0.05033    0.14109    0.15881    0.21031    0.06364   -0.06586   -0.60614
   0.88971   -0.14503   -0.11425   -0.07026   -0.23607    0.16009   -0.28829
  -0.18597   -0.01665   -0.09255    0.02890   -0.21075    0.22644   -0.55545
   0.17410    0.10323    0.11213    0.13333    0.01150   -0.91025   -0.68636
  -0.05380   -0.29130   -0.34835   -0.23669   -0.46016    0.69789   -0.67332
   0.16305   -0.47924   -0.44400   -0.41168   -0.66902   -0.20608   -0.32719
   0.56515   -0.06714   -0.05665    0.00318   -0.19445    0.06966   -0.30860
  -0.51516   -0.13274   -0.15722   -0.04826   -0.29792    0.25706   -0.51238
   0.95459   -0.19848   -0.18288   -0.16141   -0.34021   -0.32175   -0.50107
   0.01822   -0.02210   -0.01039    0.05383   -0.15917    0.02198   -0.61443
  -0.35697   -0.11726   -0.18151   -0.05927   -0.24808   -0.21290   -0.72937
  -0.35330   -0.15277   -0.21548   -0.07439   -0.35497    0.15778   -0.43864
  -0.48730   -0.21031   -0.25444   -0.13827   -0.38646   -0.12104   -0.64694
   0.39184   -0.40742   -0.36996   -0.35168   -0.56862   -0.22690   -0.30525
   0.37470    0.04573    0.05135    0.11373   -0.06787    0.61001   -0.67181
  -0.25744   -0.02960   -0.10205    0.04820   -0.16678    0.39047   -0.82385
  -0.31258   -0.13956   -0.18772   -0.07770   -0.33186    0.35536   -0.50608
   0.32861   -0.10458   -0.10583   -0.07114   -0.24190   -0.04311   -0.66372
   0.46332   -0.09052   -0.08390   -0.02393   -0.21849    0.16083   -0.47461
  -0.43140   -0.20500   -0.23364   -0.13834   -0.33760   -0.25177   -0.71715
  -0.38287   -0.14306   -0.19911   -0.08071   -0.33249    0.52617   -0.63044
  -0.15361    0.14745    0.10963    0.19547    0.02702    0.39068   -0.86260
  -0.21752   -0.07140   -0.13842   -0.02333   -0.25573    0.52258   -0.79028
   0.82136   -0.22701   -0.20946   -0.15998   -0.40040    0.26768   -0.40129
  -0.02476   -0.08772   -0.16071   -0.01367   -0.24549    0.55227   -0.73152
  -0.17290    0.06370    0.04739    0.13223   -0.09239    0.00605   -0.62339
   0.54736    0.23917    0.22464    0.29113    0.12596    0.69644   -0.61401
   0.04852    0.33472    0.34799    0.37993    0.28709    0.65404   -0.57195
   0.28767   -0.21426   -0.19961   -0.16189   -0.36177    0.00257   -0.47485
   0.02048   -0.09122   -0.17889   -0.08092   -0.28752    0.61734   -0.80164
   0.49652    0.10099    0.09447    0.14520   -0.02578    0.18412   -0.42379
   0.53536    0.37120    0.37132    0.42031    0.29182    0.60495   -0.64084
  -0.91322    0.65656    0.67587    0.72899    0.62226    0.54635   -0.67204
   0.38732   -0.00790    0.01639    0.05789   -0.11183   -0.05671   -0.50538
   0.39768   -0.06046   -0.03706   -0.01003   -0.12820   -0.38893   -0.70983
   0.06351    0.02775   -0.06111    0.07697   -0.11909    0.48690   -0.60051
  -0.30551    0.04686   -0.00582    0.10364   -0.06621    0.39411   -0.94932
  -0.02507   -0.27617   -0.29567   -0.20725   -0.43754    0.24530   -0.51247
  -0.31967    0.27054    0.30479    0.34104    0.24098   -0.02323   -0.55284
   0.35772   -0.16363   -0.14459   -0.09522   -0.28583    0.16455   -0.59813
  -0.01818   -0.11202   -0.12204   -0.04701   -0.27777    0.02480   -0.62448
   0.14004    0.49922    0.44194    0.48892    0.39178    0.20048   -0.67288
  -0.63088    0.17380    0.10082    0.22326    0.08217    0.19502   -0.57226
  -0.47903   -0.29403   -0.39413   -0.24856   -0.52063    0.46080   -0.59586
   0.71292   -0.19403   -0.19028   -0.17384   -0.36123   -0.40868   -0.63358
   0.13979   -0.15628   -0.17138   -0.07770   -0.31849    0.11785   -0.39789
   0.24013   -0.15468   -0.13426   -0.08828   -0.30737    0.01264   -0.49869
   0.56543   -0.28602   -0.26231   -0.23488   -0.43998   -0.26623   -0.35539
   0.31915    0.24779    0.27930    0.30254    0.15607   -0.92258   -0.55351
  -0.43630   -0.17839   -0.25451   -0.12481   -0.34565    0.46923   -0.84124
   0.24892    0.24561    0.23132    0.30329    0.14940    0.64275   -0.79649
   0.33842   -0.07359   -0.05393   -0.01363   -0.19668    0.15458   -0.48669
  -0.30494    0.32885    0.30224    0.33822    0.21525    0.48908   -1.06027
   0.03591    0.15978    0.13564    0.18011    0.05294    0.59091   -0.72693
   0.82173   -0.03676   -0.04791    0.03248   -0.15435   -0.18927   -0.38874
   0.33355    0.13940    0.15204    0.19607    0.04953    0.20156   -0.54304
   0.56682   -0.41191   -0.41757   -0.38609   -0.59708   -0.20193   -0.43606
   0.01805    0.26481    0.24374    0.28084    0.16986   -0.87571   -0.89650
   0.29085   -0.31279   -0.30910   -0.23949   -0.51592    0.08314   -0.52060
  -0.51638    0.06813    0.02359    0.13561   -0.08514    0.20764   -0.44273
   0.16369   -0.37991   -0.35273   -0.30466   -0.53526   -0.18463   -0.36777
  -0.46924   -0.34621   -0.36133   -0.28630   -0.48415   -0.23317   -0.43526
  -0.07562    0.43384    0.42262    0.46717    0.36819    0.56981   -0.81782
   0.02537   -0.41131   -0.45778   -0.35512   -0.66287   -0.33585   -0.28166
   0.26299   -0.17350   -0.17177   -0.11148   -0.33551    0.14813   -0.49940
   0.22339   -0.12366   -0.07646   -0.11282   -0.18867   -0.38091   -0.58273
   0.32170    0.34741    0.35457    0.40159    0.30210    0.21762   -0.54248
  -0.45796   -0.05645   -0.11872    0.00318   -0.23276   -0.02342   -0.87418
  -0.43986   -0.11265   -0.17468   -0.06670   -0.28177    0.44861   -1.00178
   0.33287    0.11667    0.10528    0.18760   -0.00638    0.71416   -0.72047
   0.72351    0.38243    0.42932    0.42927    0.36022   -0.95990   -0.44978
   0.35660   -0.07862   -0.06106   -0.01077   -0.18324    0.18292   -0.37980
   0.77060   -0.35519   -0.33714   -0.28175   -0.50051   -0.26844   -0.29374
  -0.56606    0.00643   -0.05411    0.03691   -0.13247    0.16145   -0.41935
  -0.23534    1.00000    1.00000    1.00000    1.00000   -0.78919   -0.80285
   0.25937    0.03676    0.06998    0.09915   -0.03449    0.33385   -0.47321
  -0.21381   -0.32784   -0.41534   -0.24960   -0.51527    0.41500   -0.59784
   0.13679   -0.28032   -0.31558   -0.21785   -0.45476    0.37376   -0.59851
  -0.18734    0.09084    0.03527    0.15783   -0.04223    0.45399   -0.92904
   0.79905    0.07903    0.09058    0.13628   -0.04191    0.14178   -0.41754
  -0.33416   -0.12534   -0.18320   -0.09104   -0.28806    0.42412   -0.98332
  -0.01983   -0.10154   -0.08949   -0.01056   -0.27124    0.08671   -0.49124
   0.22242   -0.13393   -0.13239   -0.06499   -0.29211    0.49697   -0.60607
   0.38281   -0.00766    0.02701    0.06121   -0.11527   -0.60675   -0.27409
  -0.02622   -0.25444   -0.33238   -0.19772   -0.40387    0.52993   -0.78496
  -0.46577   -0.44834   -0.50026   -0.44482   -0.64776   -0.33396   -0.65804
   0.02129   -0.21688   -0.26116   -0.14379   -0.41216    0.23980   -0.41332
  -0.28539    0.00965   -0.01937    0.07807   -0.14758    0.10741   -0.58385
   0.18286   -0.18317   -0.20072   -0.12487   -0.34756    0.11391   -0.49583
  -0.69232    0.24480    0.25013    0.32378    0.12726    0.50168   -0.66949
   0.48147    0.12389    0.15187    0.18208    0.01989   -0.90875   -0.48001
  -0.17710    0.09164    0.07635    0.15790   -0.01871    0.20939   -0.74420
   0.84345    0.11069    0.13228    0.15440    0.03787   -0.16079   -0.34789
   0.47330    0.19209    0.22398    0.25379    0.13757    0.39117   -0.41391
   0.45635   -0.11131   -0.09957   -0.05574   -0.22820   -0.02272   -0.70959
   0.32802    0.47470    0.51379    0.52280    0.47236    0.75497   -0.51971
   0.62027   -0.09268   -0.08132    0.00197   -0.26523    0.39947   -0.24803
  -0.46208   -0.32031   -0.35908   -0.25314   -0.52209   -0.09445   -0.52567
  -0.17476    0.05671    0.01252    0.12383   -0.11147    0.04305   -0.72639
   0.45324    0.09668    0.10850    0.15763    0.00948    0.22091   -0.55577
   0.62641   -0.07578   -0.07671   -0.00933   -0.21512    0.02354   -0.33805
   0.32655   -0.04807   -0.03744    0.01467   -0.17334    0.44566   -0.54795
   0.45325    0.56024    0.55935    0.58325    0.49171    0.84805   -0.52333
  -0.14425   -0.07073   -0.09022    0.00656   -0.19546   -0.13314   -0.67628
   0.04686    0.37783    0.34745    0.36352    0.28747    0.65155   -0.66978
   0.15642    0.56036    0.57810    0.56662    0.53989    0.67364   -0.88589
   0.05670   -0.17662   -0.15022   -0.10990   -0.30053   -0.09961   -0.50440
   0.14281   -0.15755   -0.15615   -0.18663   -0.30835   -0.39186   -0.55113
   0.59291   -0.41407   -0.38072   -0.33959   -0.56338   -0.70008   -0.11259
   0.29548    0.07417    0.07582    0.14961   -0.03013    0.20158   -0.50320
   0.21057    0.24349    0.23989    0.28854    0.17333    0.65430   -0.72164
  -0.31801    0.28496    0.30245    0.33055    0.23171   -0.04231   -0.70939
   0.17892    0.21333    0.20669    0.25309    0.10468    0.72119   -0.82341
  -0.00458   -0.02238   -0.07633    0.04021   -0.17362    0.52402   -0.73662
   0.36780   -0.14183   -0.12107   -0.06334   -0.28424    0.13209   -0.45451
  -0.12557   -0.11302   -0.18612   -0.09384   -0.28447    0.64415   -0.77082
  -0.31915   -0.02668   -0.05643    0.04409   -0.17955    0.14651   -0.71475
  -0.32918    0.03339   -0.01131    0.03580   -0.11424    0.44751   -1.09881
   0.19019   -0.08872   -0.11924   -0.04316   -0.22601    0.70027   -0.69679
   0.24345    0.17133    0.17220    0.22635    0.06710    0.38550   -0.65249
   0.40745    0.60342    0.61281    0.63038    0.57119    0.81897   -0.47629
   0.65421    0.11236    0.14295    0.17553    0.01617    0.36621   -0.45104
  -0.63450   -0.10069   -0.17057   -0.05196   -0.26673   -0.05562   -0.69264
   0.00338   -0.24965   -0.26935   -0.20653   -0.42966    0.27697   -0.71449
   0.35367   -0.21694   -0.19206   -0.15604   -0.36145   -0.07454   -0.51703
  -0.48817    0.02659   -0.03064    0.07202   -0.12836    0.42924   -0.97544
  -0.04501   -0.21174   -0.27528   -0.16141   -0.39331    0.67880   -0.60941
   0.41445    0.22419    0.23014    0.29034    0.12825    0.53564   -0.58057
   0.83274   -0.25398   -0.23170   -0.21839   -0.42173   -0.60125   -0.52113
  -0.30032    0.05311    0.01071    0.11167   -0.08001    0.58720   -0.83970
   0.24924    0.10486    0.10003    0.17558   -0.00475    0.37171   -0.56250
  -0.00316    0.01238   -0.07327    0.07911   -0.13991    0.48833   -0.71480
  -0.26863   -0.19296   -0.22291   -0.11356   -0.32285   -0.08072   -0.54409
   0.55180    0.07233    0.09519    0.12768   -0.04233    0.86524   -0.51418
   0.60348   -0.14391   -0.11933   -0.08081   -0.25980   -0.86326   -0.46206
  -0.22438   -0.18421   -0.23073   -0.12402   -0.40138   -0.02597   -0.65617
   0.17713   -0.04013   -0.05928    0.03416   -0.19617    0.49102   -0.59268
  -0.40600   -0.19180   -0.29724   -0.15281   -0.40107    0.42817   -0.71042
   0.65301   -0.13216   -0.13867   -0.06617   -0.29386    0.00200   -0.29084
  -0.26839   -0.26882   -0.33946   -0.21417   -0.43944    0.47573   -0.64272
   0.51308   -0.12145   -0.10831   -0.04787   -0.25388    0.12727   -0.34972
   0.88413   -0.33575   -0.33442   -0.28082   -0.47883   -0.10475   -0.32769
   0.67163   -0.20298   -0.19836   -0.15281   -0.38642   -0.08571   -0.32584
  -0.30025   -0.01265    0.02409    0.06874   -0.06105    0.40364   -0.60568
  -0.38978    0.14751    0.13249    0.15382    0.04798    0.53785   -1.03944
   0.88538    0.68808    0.72385    0.73420    0.68531   -0.91573   -0.46794
  -0.04775    0.01960   -0.03760    0.09287   -0.12242    0.55423   -0.55773
   0.56454   -0.27480   -0.26166   -0.21057   -0.46696   -0.05094   -0.23615
  -0.40432   -0.11723   -0.12639   -0.05453   -0.29831   -0.41783   -0.52711
   0.12917    0.12379    0.13437    0.16438    0.02906    0.12849   -0.44752
  -0.39331    0.24245    0.22552    0.27585    0.14851   -0.13991   -0.77096
   0.13694   -0.05742   -0.09052    0.02282   -0.20716    0.34668   -0.48262
   0.37212    0.21335    0.22570    0.24644    0.12293    0.85830   -0.51131
  -0.36953   -0.11234   -0.17768   -0.07928   -0.29972    0.27291   -0.43246
   0.04921   -0.15331   -0.13888   -0.07143   -0.31362    0.00630   -0.60933
  -0.22428    0.16930    0.11937    0.22207    0.06478    0.42738   -0.95385
  -0.95874    0.73374    0.72965    0.74796    0.69131    0.54461   -0.85626
  -0.54677   -0.23167   -0.27123   -0.16562   -0.42814    0.45818   -0.55385
   0.08859    0.12767    0.12111    0.13244    0.04337    0.61334   -0.76873
   0.38226    0.24601    0.26431    0.30825    0.20537    0.31259   -0.55633
   0.14486   -0.23990   -0.29715   -0.18727   -0.42469    0.41813   -0.72351
   0.32676    0.22926    0.21694    0.29421    0.09432    0.67862   -0.71774
  -0.35724   -0.63996   -0.66191   -0.62254   -0.78449   -0.19450   -0.34675
  -0.52227   -0.15333   -0.20561   -0.07444   -0.31699    0.07676   -0.62750
  -0.82481    0.37421    0.41009    0.46009    0.30624    0.47865   -0.51918
   0.39724    0.04162    0.06186    0.11106   -0.05837    0.10128   -0.43279
  -0.24953   -0.16324   -0.17455   -0.11648   -0.35328   -0.38906   -0.43147
  -0.32774   -0.07455   -0.13023   -0.01274   -0.27619    0.22393   -0.51104
  -0.17196    0.05717   -0.00734    0.11906   -0.11735    0.63529   -0.78040
  -0.03932   -0.01976   -0.04481    0.04567   -0.21439   -0.38068   -0.56180
   0.77816   -0.61094   -0.57128   -0.56534   -0.81621   -0.40077   -0.21953
   0.67721   -0.10698   -0.08495   -0.02544   -0.25118    0.37948   -0.31230
   0.41479    0.18296    0.16317    0.17045    0.08321    0.25259   -0.63806
   0.07379   -0.06401   -0.05946   -0.00023   -0.21201    0.05573   -0.54072
  -0.53641   -0.05129   -0.08187    0.03248   -0.22146    0.34437   -0.51262
  -0.59249   -0.06602   -0.09170   -0.02291   -0.24899    0.48576   -0.83299
  -0.53652   -0.12737   -0.15533   -0.04476   -0.32307    0.36204   -0.44888
   0.19995   -0.04176    0.03011    0.03705   -0.05391   -0.31828   -0.34887
   0.11907   -0.06408   -0.06783    0.01054   -0.20332    0.07519   -0.39573
  -0.24637   -0.03037   -0.07165    0.00537   -0.19214    0.09691   -0.64892
   0.53258   -0.04813   -0.07251   -0.01221   -0.19985    0.14400   -0.53361
  -0.35490    0.71395    0.71943    0.74404    0.70521   -0.03031   -0.75887
   0.27727   -0.05032   -0.04429   -0.00798   -0.17040   -0.27861   -0.63153
   0.04058   -0.34675   -0.33367   -0.26209   -0.53982   -0.01147   -0.49248
   0.15564    0.25167    0.29830    0.21454    0.24693    0.66527   -0.73560
   0.00749   -0.21157   -0.23025   -0.12533   -0.37184    0.24436   -0.51182
   0.43041    0.31568    0.34314    0.37899    0.26416    0.15277   -0.43108
   0.29545   -0.27476   -0.29377   -0.19290   -0.46254    0.10255   -0.52519
   0.64654    0.04681    0.07938    0.10747   -0.05402   -0.98864   -0.45229
   0.74535   -0.39095   -0.36196   -0.33456   -0.56984   -0.49535   -0.30111
   0.09930    0.26162    0.26556    0.32281    0.16914   -0.30330   -0.65136
   0.14032   -0.14933   -0.18824   -0.08216   -0.29699    0.39940   -0.76930
  -0.20072    0.16376    0.20018    0.23221    0.04404   -0.58757   -0.57732
   0.33925    0.14023    0.16898    0.20777    0.06049    0.43288   -0.51714
   0.12812   -0.16555   -0.26470   -0.09894   -0.37553    0.54699   -0.73020
  -0.52101    0.05109    0.01033    0.11045   -0.12524    0.37821   -0.66486
   0.64759    0.05575    0.08052    0.12372   -0.00612    0.08425   -0.34509
   0.34309   -0.07287   -0.05314    0.00827   -0.19138    0.34117   -0.45972
   0.99465   -0.15745   -0.17481   -0.07800   -0.32048    0.00425   -0.31188
   0.61070   -0.20778   -0.18238   -0.13053   -0.37157   -0.54979   -0.21592
   0.38458    0.71448    0.71507    0.75446    0.68477    0.50372   -0.59110
  -0.10730   -0.01856   -0.02904    0.06398   -0.16434   -0.03395   -0.66859
  -0.14564    0.47467    0.48096    0.50667    0.42632    0.53292   -0.71310
  -0.37203   -0.08291   -0.13218   -0.05284   -0.23764    0.42714   -0.92745
   0.21249   -0.19480   -0.19572   -0.12370   -0.36032    0.13852   -0.43083
   0.63306   -0.00888    0.00564    0.06535   -0.18645    0.94660   -0.40704
  -0.19287   -0.17200   -0.25763   -0.10852   -0.35802    0.40488   -0.56179
   0.44437    0.36179    0.37098    0.40042    0.29948    0.36701   -0.48721
   0.37893    0.31374    0.32328    0.37151    0.26401    0.18914   -0.50635
   0.90776   -0.05263   -0.02495    0.01314   -0.16313   -0.83981   -0.57468
   0.86742   -0.14264   -0.11052   -0.08604   -0.30069   -0.46987   -0.31308
  -0.05382   -0.09559   -0.10046   -0.01242   -0.27353    0.08400   -0.45486
   0.20023   -0.05898   -0.05762    0.02177   -0.17317    0.06815   -0.52085
  -0.56236   -0.17827   -0.23672   -0.10637   -0.32855   -0.03661   -0.79729
  -0.15391   -0.18411   -0.22628   -0.10732   -0.36525    0.68006   -0.67081
  -0.43991   -0.34586   -0.41229   -0.30274   -0.54866    0.50063   -0.54998
   0.08466   -0.06356   -0.06613   -0.06014   -0.21722    0.34270   -0.87660
   0.39703    0.19969    0.20674    0.26054    0.08750    0.55854   -0.71348
   0.64553   -0.17160   -0.15299   -0.09384   -0.33075    0.34165   -0.37193
  -0.07613    0.15535    0.12990    0.16711    0.04019   -0.84404   -0.95201
   0.20997    0.34666    0.33945    0.38653    0.26727    0.75180   -0.62986
   0.58831   -0.54042   -0.51343   -0.46354   -0.74038   -0.16835   -0.10623
   0.84018   -0.45563   -0.42680   -0.38637   -0.60927   -0.27990   -0.19472
   0.52471   -0.28303   -0.28086   -0.21676   -0.49781   -0.11510   -0.24962
  -0.14965    0.27367    0.28596    0.30872    0.19922   -0.04975   -0.63663
   0.35044   -0.10016   -0.07894   -0.05987   -0.19811   -0.68648   -0.65020
   0.11711   -0.51190   -0.47271   -0.43416   -0.70826   -0.52904   -0.08716
  -0.12318   -0.25192   -0.31117   -0.18461   -0.41425    0.39244   -0.78901
   0.57732   -0.14712   -0.12904   -0.07529   -0.31060   -0.57879   -0.27637
   0.06048   -0.64243   -0.57973   -0.58629   -0.79463   -0.38880   -0.25206
  -0.27918   -0.02255   -0.09968    0.01652   -0.21544    0.55466   -0.58389
   0.06136   -0.20729   -0.23043   -0.14776   -0.33537    0.66490   -0.59627
   0.28417   -0.21621   -0.20307   -0.15589   -0.34295    0.30252   -0.40298
   0.52543   -0.21042   -0.22068   -0.15651   -0.41899   -0.09448   -0.33420
  -0.39357   -0.09440   -0.13013   -0.03038   -0.22436   -0.15820   -0.76675
   0.31992    0.24293    0.24146    0.31318    0.14512    0.53491   -0.66836
   0.10390   -0.05081   -0.00394    0.01464   -0.16600   -0.87008   -0.41941
   0.99645   -0.20454   -0.20893   -0.13728   -0.36350   -0.17382   -0.31838
  -0.08122   -0.16799   -0.20582   -0.09087   -0.37638    0.07760   -0.33255
  -0.37283   -0.24080   -0.33714   -0.18969   -0.41029    0.41217   -0.69832
   0.50953    0.39777    0.43814    0.46139    0.38575    0.26893   -0.31177
   0.23638   -0.13722   -0.11790   -0.06125   -0.27945   -0.02152   -0.45999
  -0.07214    0.50264    0.52438    0.55842    0.46920   -0.00076   -0.59488
   0.41890    0.31299    0.31327    0.37240    0.23002    0.32948   -0.55653
   0.72651   -0.51431   -0.50332   -0.46022   -0.71285   -0.26767   -0.19355
   0.52358   -0.42685   -0.42771   -0.39053   -0.65018   -0.20276   -0.37375
  -0.12373    0.16708    0.19795    0.21023    0.07544   -0.35529   -0.60009
   0.32669    0.09524    0.10231    0.15935   -0.01163    0.45907   -0.57929
  -0.80518    0.01665   -0.02437    0.01461   -0.12198   -0.06153   -0.81709
  -0.47366   -0.37301   -0.39889   -0.34238   -0.49658   -0.19794   -0.65351
   0.06175   -0.17473   -0.20032   -0.08973   -0.31514    0.68912   -0.54219
   0.12704    0.14550    0.15746    0.20411    0.08476    0.66790   -0.75072
   0.60464    0.18533    0.19295    0.24585    0.09321    0.29554   -0.40736
   0.84340   -0.37060   -0.39428   -0.28854   -0.57939   -0.13631   -0.31907
  -0.28623   -0.17783   -0.27919   -0.11989   -0.37932    0.45046   -0.76820
  -0.02737   -0.22744   -0.25096   -0.14466   -0.43922    0.12278   -0.43817
  -0.32489    0.11967    0.09453    0.17212   -0.00620   -0.00584   -0.78101
   0.06848    0.15405    0.11447    0.14433    0.01214    0.23096   -0.71939
  -0.46038   -0.12036   -0.17808   -0.05745   -0.29825    0.37726   -0.59032
  -0.32022   -0.23436   -0.29706   -0.19375   -0.40713   -0.20825   -0.67098
  -0.17597    0.18575    0.12079    0.22611    0.05969    0.46613   -1.18104
   0.54130   -0.18678   -0.12722   -0.14097   -0.28823   -0.63789   -0.28170
  -0.01952   -0.37335   -0.34351   -0.30101   -0.53084   -0.23299   -0.35304
  -0.09629   -0.31568   -0.34024   -0.26947   -0.41209   -0.15403   -0.69707
   0.78009    0.09672    0.11859    0.12429   -0.01267   -0.79684   -0.62771
  -0.00403   -0.16568   -0.20530   -0.08855   -0.37293    0.12091   -0.45063
   0.29673    0.33463    0.32341    0.38562    0.23127    0.60772   -0.61776
   0.22659    0.30046    0.30977    0.34392    0.19589   -0.90696   -0.51606
   0.24286    0.05810    0.03602    0.11734   -0.07081    0.55449   -0.70815
   0.44565   -0.18245   -0.14965   -0.10906   -0.28874   -0.52217   -0.46955
   0.01782   -0.38172   -0.34362   -0.32686   -0.54944   -0.39323   -0.26398
   0.24429    0.45033    0.46010    0.54003    0.37387    0.76544   -0.48090
  -0.00414   -0.18036   -0.26972   -0.14140   -0.35284    0.65917   -0.57517
   0.27008   -0.31438   -0.28166   -0.23876   -0.48786   -0.09106   -0.40422
   0.22027    0.45378    0.50317    0.51669    0.44580   -0.32945   -0.46859
   0.18675   -0.22331   -0.21471   -0.18030   -0.31553   -0.36871   -0.68134
   0.31041    0.76303    0.75772    0.71067    0.71618    0.77995   -0.95308
   0.20031   -0.25383   -0.23267   -0.17496   -0.40021   -0.12030   -0.45912
  -0.00990   -0.03373   -0.08963    0.02020   -0.19371    0.31937   -0.79258
   0.10119   -0.24136   -0.28214   -0.16069   -0.42700    0.14134   -0.35559
   0.05409   -0.07216   -0.09153   -0.00972   -0.24938    0.08899   -0.50582
   0.15656    0.38552    0.37861    0.45301    0.31695    0.21235   -0.57333
  -0.12506   -0.18764   -0.24416   -0.13257   -0.40756    0.43899   -0.72845
  -0.83770   -0.23548   -0.31098   -0.18838   -0.42844   -0.08096   -0.51657
  -0.52851   -0.04671   -0.11462    0.00056   -0.19749    0.15258   -0.44342
  -0.27023    0.50644    0.52948    0.53381    0.47421    0.41303   -0.73289
  -0.21943   -0.11518   -0.20169   -0.05342   -0.29647    0.44833   -0.78919
  -0.03559   -0.21081   -0.26088   -0.16213   -0.38056    0.23789   -0.59176
  -0.35714   -0.16315   -0.20225   -0.10996   -0.28875   -0.23736   -0.82697
  -0.35059    0.01965   -0.03352    0.08328   -0.14140    0.14554   -0.62419
   0.16613    0.18551    0.15861    0.23105    0.08624    0.40765   -0.69111
   0.26496    0.33808    0.33721    0.35267    0.22705   -0.55633   -0.45969
   0.38908    0.05857    0.09695    0.11624   -0.05760   -0.94006   -0.54078
   0.20205   -0.23107   -0.24723   -0.17678   -0.38217    0.52128   -0.50751
  -0.34982   -0.05999   -0.11169    0.01884   -0.23083    0.12513   -0.47901
   0.24391   -0.10123   -0.09371   -0.01701   -0.25265    0.09924   -0.49086
  -0.12339   -0.12354   -0.15498   -0.05799   -0.31385    0.07164   -0.48366
  -0.00332   -0.15920   -0.23055   -0.08200   -0.34061    0.54952   -0.68140
   0.15927   -0.06141   -0.03773    0.01054   -0.19429   -0.04372   -0.56675
   0.17182   -0.13759   -0.10789   -0.06794   -0.24977   -0.82206   -0.56900
  -0.25343    0.01403   -0.01375    0.07151   -0.15757   -0.01183   -0.75120
   0.21396    0.12037    0.09204    0.14823   -0.00027    0.27197   -0.67395
   0.91930   -0.31180   -0.33185   -0.24422   -0.50523   -0.00624   -0.29943
   0.53951   -0.15224   -0.15198   -0.08914   -0.28347   -0.01021   -0.35830
   0.23726   -0.20429   -0.20457   -0.14076   -0.36947    0.02728   -0.58071
   0.80035   -0.27116   -0.27613   -0.20157   -0.45145   -0.09220   -0.33020
   0.97479   -0.22855   -0.20108   -0.15714   -0.39366   -0.75459   -0.41489
   0.45120   -0.01095    0.00023    0.03938   -0.09288    0.25104   -0.51897
  -0.05052   -0.05773   -0.13753    0.01246   -0.24412    0.19422   -0.71861
   0.55617    0.10456    0.13617    0.16336   -0.00274    0.82479   -0.48335
   0.02625   -0.02096   -0.02898    0.00582   -0.12001    0.56035   -0.67590
   0.48990    0.31478    0.32046    0.36703    0.26493    0.28841   -0.40648
  -0.17659   -0.17778   -0.22308   -0.10984   -0.34959    0.44220   -0.79054
  -0.83709   -0.32762   -0.42753   -0.28006   -0.51218   -0.09742   -0.51552
   0.17158    0.55569    0.56638    0.60221    0.50523    0.05567   -0.57981
   0.64273   -0.25003   -0.25812   -0.18820   -0.41086    0.13842   -0.39437
   0.87282   -0.31493   -0.33991   -0.24473   -0.52470    0.00387   -0.30823
   0.57447   -0.08322   -0.12793   -0.10279   -0.28536   -0.55588   -0.56527
   0.80199   -0.34036   -0.31509   -0.26419   -0.52005   -0.44084   -0.34596
   0.23361    0.20242    0.22155    0.27152    0.12313    0.46951   -0.48306
   0.70087   -0.14888   -0.15392   -0.07619   -0.31674    0.00841   -0.28258
  -0.13309   -0.25014   -0.26535   -0.17941   -0.36295   -0.15355   -0.62975
   0.25567   -0.10301   -0.07749   -0.03706   -0.19002    0.25881   -0.40196
   0.21501   -0.21332   -0.21548   -0.13962   -0.35309    0.15513   -0.42270
  -0.21415   -0.00348   -0.05960    0.06600   -0.15770    0.28528   -0.63667
   0.23072   -0.32364   -0.28678   -0.24536   -0.48167   -0.59611   -0.23573
   0.06995   -0.02264   -0.04758    0.03802   -0.16628    0.36926   -0.69627
  -0.30897    0.04069    0.01851    0.09995   -0.10324    0.07204   -0.70001
   0.02456    0.03193   -0.08893    0.09601   -0.10154    0.49044   -0.84649
   0.02599   -0.07165   -0.08941    0.00233   -0.22650    0.10756   -0.46754
   0.50386    0.14737    0.15618    0.22379    0.06671    0.41596   -0.43638
   0.59164   -0.03646   -0.04500    0.04772   -0.19691    0.39143   -0.45716
   0.00740    0.03384   -0.01552    0.09349   -0.10314    0.53713   -0.73244
  -0.33069   -0.09473   -0.18971   -0.06023   -0.29238    0.47703   -0.89944
   0.04082   -0.18957   -0.21356   -0.12566   -0.37387    0.24888   -0.38938
   0.20698    0.21400    0.20589    0.26713    0.13684    0.41514   -0.65409
   0.56498   -0.05135   -0.04769    0.02203   -0.20030    0.13532   -0.32025
   0.24415    0.37508    0.38616    0.43041    0.31470   -0.29779   -0.67919
   0.11794   -0.15664   -0.23061   -0.09832   -0.34646    0.43184   -0.69754
  -0.14844   -0.06861   -0.11500    0.00337   -0.25640    0.07797   -0.46249
   0.32615    0.08197    0.09259    0.13958   -0.02913    0.48209   -0.56088
  -0.26822    0.05783   -0.01213    0.07156   -0.12406    0.17795   -0.68079
  -0.55082    0.11002    0.08396    0.19008    0.00003    0.18329   -0.52671
   0.27045    0.21279    0.20970    0.27909    0.12307    0.28900   -0.53955
   0.24806    0.53740    0.55224    0.58842    0.49170    0.72486   -0.47725
  -0.52233   -0.14557   -0.19283   -0.10378   -0.27682   -0.24031   -0.74080
   0.15592   -0.25423   -0.28310   -0.18083   -0.43298    0.38476   -0.40408
   0.58673    0.15635    0.16512    0.19215    0.03589    0.85046   -0.60204
   0.04314   -0.35276   -0.38369   -0.27990   -0.53743    0.55472   -0.49107
  -0.40088   -0.35049   -0.38213   -0.30625   -0.48140   -0.06540   -0.46350
   0.20029   -0.38486   -0.36133   -0.30396   -0.55496   -0.15970   -0.36180
   0.18220   -0.02186   -0.03785    0.03564   -0.16439    0.09594   -0.55180
  -0.03256   -0.08016   -0.04027   -0.02937   -0.19872   -0.76168   -0.50285
   0.05617   -0.38822   -0.36361   -0.33189   -0.54474   -0.66957   -0.40840
   0.28052    0.03642    0.04169    0.10862   -0.07655    0.49470   -0.60635
   0.38943    0.05635    0.06923    0.13068   -0.03380    0.45437   -0.51980
  -0.04677   -0.06184   -0.05451    0.00233   -0.14998   -0.11798   -0.70134
  -0.05889   -0.10218   -0.20582   -0.03089   -0.30064    0.43833   -0.88444
   0.10475   -0.04023   -0.06148    0.00334   -0.16656    0.37886   -0.71522
   0.87468   -0.08384   -0.07879   -0.01895   -0.19790   -0.70523   -0.52721
   0.25297   -0.28328   -0.25320   -0.24727   -0.38346   -0.43374   -0.48076
  -0.47040   -0.21406   -0.29070   -0.14858   -0.39524    0.06145   -0.71126
   0.56861   -0.31458   -0.30060   -0.25261   -0.51354   -0.11108   -0.25020
  -0.32013   -0.23217   -0.27919   -0.15776   -0.37706   -0.13457   -0.50458
   0.68708   -0.06683   -0.06324    0.00653   -0.20352    0.04920   -0.34787
   0.08198   -0.32385   -0.44441   -0.25234   -0.56333    0.43503   -0.79445
   0.33617    0.03085    0.02030    0.05649   -0.11762    0.66603   -0.87618
   0.51400   -0.22945   -0.19961   -0.17222   -0.34855   -0.81423   -0.42301
  -0.01885   -0.09298   -0.08319   -0.02991   -0.19944   -0.19652   -0.55427
   0.20222   -0.14783   -0.12529   -0.07162   -0.32138   -0.55299   -0.31953
   0.17946   -0.21778   -0.23804   -0.16037   -0.39925    0.57764   -0.46968
   0.64207   -0.07868   -0.07894   -0.00972   -0.19791    0.29953   -0.31214
  -0.09546   -0.02540   -0.08440    0.00483   -0.20023    0.66468   -0.88760
   0.54918    0.10834    0.10486    0.18583    0.01092    0.44095   -0.52195
   0.52909    0.14312    0.18367    0.19615    0.11831    0.29736   -0.27293
   0.02004   -0.19780   -0.29463   -0.12060   -0.41242    0.34173   -0.48745
   0.74084   -0.45662   -0.46329   -0.37673   -0.70542   -0.14581   -0.08445
  -0.41099   -0.19324   -0.26572   -0.14393   -0.40951    0.36037   -0.22637
  -0.03762   -0.11012   -0.20893   -0.03361   -0.26758    0.35021   -0.81716
  -0.25437    0.30420    0.32549    0.37518    0.26252    0.42016   -0.78608
   0.67911   -0.11828   -0.11279   -0.05130   -0.26168    0.01258   -0.28134
  -0.23981    0.13379    0.08104    0.20434   -0.00807    0.31978   -0.67555
  -0.13390    0.11438    0.09579    0.15857   -0.02759   -0.50865   -0.84312
  -0.35612   -0.04502   -0.09039    0.02828   -0.22171    0.24022   -0.56778
  -0.43592   -0.00450   -0.07538    0.02427   -0.19675    0.35256   -0.70543
   0.34377    0.03545    0.06605    0.09636   -0.04195   -0.17045   -0.55696
  -0.78359   -0.16715   -0.26166   -0.10619   -0.36103   -0.09197   -0.54146
  -0.10215    0.11543    0.05456    0.12128   -0.03952    0.20719   -0.87687
   0.26690    0.32990    0.32068    0.31772    0.24280    0.27283   -0.68998
   0.51569    0.13922    0.14783    0.21003    0.06757    0.44846   -0.47304
   0.65266   -0.49125   -0.45713   -0.43167   -0.69813   -0.14875   -0.15676
   0.30941    0.07193    0.08828    0.13675   -0.02716    0.15690   -0.52790
   0.13213    0.04535    0.02926    0.12009   -0.06382    0.45918   -0.62630
   0.91687   -0.27289   -0.24723   -0.21057   -0.42171   -0.57623   -0.24116
  -0.24256   -0.22524   -0.25430   -0.15737   -0.39511   -0.06784   -0.57392
   0.18561   -0.14864   -0.13803   -0.11505   -0.25562   -0.92954   -0.59576
  -0.45232    0.09666    0.04527    0.10967   -0.04730    0.04614   -0.85260
   0.28860    0.03294    0.02972    0.10691   -0.09071    0.65890   -0.68205
   0.31853    0.37580    0.36665    0.43151    0.30112    0.72810   -0.79437
   0.13210   -0.28082   -0.26995   -0.23729   -0.42742   -0.79506   -0.53335
  -0.44222   -0.13153   -0.21658   -0.07619   -0.33660    0.33940   -0.64011
  -0.08843   -0.06926   -0.13416    0.00512   -0.24268    0.36966   -0.92130
   0.28867    0.08656    0.08965    0.13947   -0.04593    0.47679   -0.61323
  -0.24830    0.40557    0.38801    0.40843    0.30917    0.53032   -0.98854
   0.09015    0.01434    0.03599    0.06314   -0.09498   -0.05316   -0.55389
  -0.80933    0.20285    0.20422    0.25222    0.09191    0.54664   -0.76664
  -0.59708    0.13643    0.11417    0.19129    0.03400    0.23221   -0.32439
   0.76325   -0.23994   -0.20914   -0.17933   -0.33226   -0.91818   -0.56583
  -0.52651   -0.34526   -0.38184   -0.30607   -0.46688   -0.19387   -0.70744
   0.09979   -0.03558   -0.04991   -0.00513   -0.13456    0.59547   -0.76370
   0.01846   -0.15647   -0.20093   -0.10020   -0.33676    0.23243   -0.42396
  -0.05730    0.10205    0.04929    0.16923   -0.06712    0.48714   -0.70601
   0.17726    0.19925    0.20048    0.26505    0.09838    0.74396   -0.49220
   0.18544   -0.05171   -0.07767   -0.05364   -0.16517    0.62681   -0.85358
   0.93574   -0.25189   -0.26808   -0.20439   -0.42178   -0.12157   -0.35173
  -0.24470   -0.20789   -0.26017   -0.16077   -0.36540   -0.19015   -0.60547
  -0.14510    0.10116    0.04477    0.15477   -0.06720    0.14744   -0.74426
  -0.00577   -0.05607   -0.10289   -0.00200   -0.18568    0.67851   -0.66778
  -0.06389    0.09249    0.05525    0.14892   -0.04551    0.44697   -0.77023
   0.36751    0.02226    0.06002    0.09055   -0.06853    0.08335   -0.41413
   0.03056   -0.26713   -0.28711   -0.23226   -0.43561    0.57926   -0.65915
   0.30445    0.14925    0.15360    0.21028    0.05009    0.45070   -0.61977
  -0.04365   -0.13628   -0.22587   -0.05991   -0.35336    0.49668   -0.67266
  -0.45644   -0.06054   -0.09789    0.00259   -0.22121    0.30261   -0.48977
  -0.06513    0.12621    0.05938    0.19994   -0.00652    0.52117   -0.59759
  -0.47386   -0.17223   -0.22137   -0.11350   -0.36315    0.48410   -0.97920
   0.10087    0.11223    0.07744    0.16908   -0.03171    0.59297   -0.81714
   0.54408    0.07033    0.08081    0.13449   -0.03880    0.21111   -0.41789
   0.05322   -0.19017   -0.18828   -0.14019   -0.34951   -0.36977   -0.47142
   0.50880   -0.07445   -0.06413   -0.03906   -0.21297   -0.05181   -0.44876
   0.29567    0.19006    0.20212    0.26026    0.12408    0.34630   -0.50989
   0.31049   -0.16040   -0.11610   -0.10413   -0.29832   -0.96073   -0.42558
  -0.48445   -0.03271   -0.07699    0.04076   -0.20303    0.21540   -0.47906
  -0.11772    0.03529    0.00543    0.10355   -0.11732    0.05912   -0.67160
   0.14936   -0.14997   -0.10898   -0.06405   -0.28322   -0.56083   -0.25818
  -0.42224    0.34559    0.32814    0.37199    0.25213    0.52401   -0.91810
   0.35526   -0.27432   -0.23389   -0.20398   -0.42843   -0.05830   -0.42703
   0.77280   -0.07410   -0.07950    0.00389   -0.23955    0.11246   -0.34865
   0.19491    0.17977    0.17402    0.24157    0.06155    0.54880   -0.48966
   0.27409    0.27115    0.25720    0.31628    0.17446    0.37166   -0.57903
  -0.02163   -0.20438   -0.32732   -0.14104   -0.46777    0.38097   -0.36983
   0.40291    0.50304    0.46478    0.52142    0.41273    0.87704   -0.59474
  -0.24935   -0.10705   -0.12430   -0.06362   -0.28183   -0.26705   -0.56455
   0.34152   -0.02877   -0.03444    0.02422   -0.12924    0.31083   -0.64449
   0.71688   -0.06612   -0.05613    0.01513   -0.21908    0.40353   -0.36591
  -0.38711   -0.01643   -0.06359   -0.00257   -0.22601    0.36126   -0.76885
   0.07308   -0.25066   -0.26433   -0.17704   -0.40224    0.32288   -0.53594
   0.50336    0.09559    0.09220    0.15305   -0.01963    0.38316   -0.52098
   0.99442   -0.36743   -0.36196   -0.28789   -0.55774    0.03589   -0.29230
   0.53831   -0.15437   -0.13246   -0.08061   -0.27361    0.11069   -0.40342
  -0.07428   -0.16458   -0.18408   -0.08174   -0.36994    0.14161   -0.45642
  -0.26017    0.03058   -0.02325    0.09611   -0.13602    0.26262   -0.69792
   0.12229   -0.12616   -0.14341   -0.04199   -0.30864    0.10718   -0.50778
   0.18324    0.02505    0.06626    0.05739   -0.05667   -0.84152   -0.64150
  -0.46936    0.19546    0.17227    0.23079    0.09638   -0.16027   -0.81520
   0.16682   -0.31448   -0.33410   -0.24727   -0.46183    0.38686   -0.39661
  -0.29678    0.03346    0.00892    0.10018   -0.06571    0.41556   -0.79659
   0.12396    0.59581    0.62073    0.63698    0.55597   -0.89824   -0.57624
  -0.24878   -0.17257   -0.19259   -0.09601   -0.34098   -0.03001   -0.63701
   0.54759   -0.64874   -0.58499   -0.58711   -0.82846   -0.66729   -0.05327
   0.53777   -0.17263   -0.17289   -0.10175   -0.30770    0.12732   -0.35206
   0.08443   -0.08505   -0.13232   -0.00993   -0.24874    0.16310   -0.61091
  -0.35971   -0.25171   -0.32837   -0.20277   -0.43418    0.42177   -0.76503
   0.19640   -0.04456   -0.04808    0.02094   -0.17231    0.36799   -0.48629
  -0.38943    0.09182    0.07848    0.13462   -0.01509    0.17903   -0.64622
   0.40454   -0.08134   -0.05640   -0.02098   -0.19009    0.16913   -0.52534
   0.11595   -0.39875   -0.41931   -0.33643   -0.57558    0.57802   -0.56563
  -0.32029   -0.07021   -0.09715   -0.00503   -0.15759   -0.09814   -0.69201
  -0.10841   -0.12624   -0.11635   -0.05266   -0.25394    0.71328   -0.60349
  -0.34698    0.04754    0.00400    0.10460   -0.10241    0.35755   -0.68669
   0.43778    0.08602    0.11010    0.15869   -0.01189    0.69294   -0.55570
  -0.32838    0.11146    0.10996    0.17365    0.00249    0.54806   -0.74628
  -0.55273   -0.19090   -0.22171   -0.13491   -0.37995    0.42471   -0.54785
  -0.01309    0.14674    0.05437    0.20423   -0.02107    0.58363   -0.83996
  -0.56860   -0.34777   -0.39217   -0.28237   -0.55120    0.38972   -0.37612
  -0.53776    0.17478    0.09175    0.22606    0.02541    0.13834   -0.51907
   0.02231   -0.32016   -0.29096   -0.25380   -0.47949   -0.15681   -0.43428
  -0.22293    0.12659    0.07140    0.17753   -0.01579    0.56392   -0.86662
  -0.20587   -0.21227   -0.24286   -0.18489   -0.37114   -0.22383   -0.68095
   0.02093    0.02654    0.05550    0.05373   -0.05924    0.68812   -0.68412
  -0.25796    0.18730    0.14530    0.20885    0.03585    0.54885   -1.07354
   0.81737   -0.19357   -0.17363   -0.13175   -0.31435   -0.69720   -0.49201
  -0.12682   -0.17391   -0.21587   -0.10419   -0.37684   -0.01435   -0.58161
  -0.61064   -0.29547   -0.30928   -0.21428   -0.48971    0.46334   -0.35918
   0.63245    0.31577    0.33061    0.36715    0.24694    0.27998   -0.37235
  -0.07803    0.01692   -0.03574    0.07329   -0.15385    0.44058   -0.78537
   0.69454   -0.08794   -0.11350   -0.01891   -0.22823    0.19129   -0.34820
  -0.19301    0.10265    0.04610    0.16089   -0.02510    0.53746   -0.88495
   0.30100    0.25751    0.25305    0.29006    0.16040   -0.29965   -0.76177
   0.41808   -0.63072   -0.59367   -0.57746   -0.83340   -0.12460   -0.27376
   0.27291   -0.23497   -0.24631   -0.15488   -0.42498    0.09917   -0.25889
   0.18183   -0.27754   -0.23841   -0.19850   -0.44267   -0.06121   -0.40535
  -0.42207   -0.24309   -0.33206   -0.18773   -0.45044    0.44098   -0.71105
   0.14577    0.26780    0.30638    0.31699    0.23598    0.65144   -0.85733
  -0.17701    0.06766    0.04782    0.13234   -0.06296    0.68582   -0.71667
   0.13524   -0.58061   -0.53523   -0.57359   -0.71986   -0.84368   -0.57224
   0.53225    0.29810    0.29722    0.36692    0.20316    0.33463   -0.47390
  -0.21502    0.01146   -0.06157    0.01818   -0.16978    0.17902   -0.68495
   0.04664   -0.19040   -0.23352   -0.11511   -0.35051    0.30586   -0.66055
   0.61192   -0.39194   -0.34397   -0.33168   -0.57594   -0.64903   -0.20596
  -0.35733   -0.18943   -0.21307   -0.11977   -0.33026   -0.10313   -0.69384
   0.02908   -0.11803   -0.12143   -0.07484   -0.29453   -0.28694   -0.37202
   0.47136    0.17656    0.17800    0.25464    0.08734    0.34157   -0.51825
   0.79543    0.10646    0.09879    0.18002   -0.03473    0.00729   -0.36183
   0.59398   -0.08472   -0.07473   -0.01629   -0.20578    0.08230   -0.32991
   0.69047   -0.05275   -0.01327    0.00328   -0.15095   -0.89167   -0.41251
  -0.22648   -0.26871   -0.30457   -0.19510   -0.40848   -0.13512   -0.71426
   0.99482   -0.18801   -0.23691   -0.16181   -0.37379   -0.13843   -0.71341
   0.42695   -0.15380   -0.12110   -0.08914   -0.27856    0.05399   -0.39389
   0.04436   -0.16270   -0.17429   -0.08909   -0.33677    0.05568   -0.43982
  -0.06416   -0.03907   -0.11968   -0.01538   -0.22220    0.21677   -0.76920
  -0.48929   -0.15161   -0.20713   -0.07790   -0.34755    0.18083   -0.40071
  -0.69712    0.32540    0.35859    0.38720    0.26484    0.51900   -0.74317
   0.09328   -0.07596   -0.10940    0.00230   -0.21563    0.32767   -0.36112
   0.95955   -0.15283   -0.16307   -0.07172   -0.31614   -0.01615   -0.26763
   0.34930   -0.06926   -0.07028    0.01150   -0.17845    0.40066   -0.50703
   0.11333    0.13125    0.12900    0.19148    0.03472    0.35383   -0.52591
   0.36375    0.00447    0.01471    0.05789   -0.06648    0.26466   -0.47654
   0.26993   -0.23372   -0.22080   -0.15745   -0.38909   -0.05914   -0.43551
   0.25860    0.45391    0.43383    0.49914    0.38490    0.69481   -0.78242
   0.22507    0.41144    0.46643    0.47734    0.41436   -0.29712   -0.47221
   0.53695   -0.06281   -0.05980   -0.07055   -0.21518   -0.69041   -0.86473
   0.16298   -0.05415   -0.07518    0.00036   -0.18518    0.62568   -0.79611
   0.78856   -0.25185   -0.24126   -0.17888   -0.46022    0.19987   -0.23771
  -0.25146   -0.06163   -0.15041   -0.00982   -0.20892    0.43123   -0.84689
  -0.36919    0.18163    0.12791    0.19290    0.03984    0.37316   -0.95416
   0.07760   -0.05192   -0.05818    0.00379   -0.21384   -0.27521   -0.56810
   0.23272    0.00172   -0.00597    0.07684   -0.14088    0.48336   -0.67639
   0.30636   -0.15264   -0.12649   -0.09595   -0.23224   -0.43386   -0.58756
   0.19183   -0.17211   -0.20776   -0.10619   -0.35503    0.47454   -0.45127
  -0.35396    0.07575    0.06769    0.14946   -0.02079   -0.06661   -0.67194
   0.77712    0.17692    0.19668    0.23162    0.10580   -0.94533   -0.66295
   0.46466    0.69932    0.72184    0.71468    0.67501    0.86664   -0.46991
   0.69130   -0.21781   -0.21021   -0.15060   -0.38820   -0.03009   -0.29414
   0.26596    0.05407    0.07642    0.11586   -0.07388   -0.92948   -0.59532
   0.11514   -0.35982   -0.31655   -0.27792   -0.53879   -0.61140   -0.25911
  -0.51530    0.04053   -0.00573    0.08246   -0.11103    0.42393   -0.93939
   0.32717    0.03822    0.04494    0.06944   -0.08586   -0.11143   -0.58882
   0.29916    0.01722    0.04268    0.06024   -0.09696   -0.09115   -0.56525
  -0.21009    0.10481    0.02328    0.15409   -0.03783    0.49151   -0.96986
   0.28848   -0.29932   -0.28877   -0.22283   -0.47863   -0.01223   -0.42286
   0.23541   -0.17404   -0.16950   -0.10554   -0.32592    0.51101   -0.40027
   0.17819   -0.06319   -0.08083   -0.00640   -0.18438    0.19645   -0.48464
   0.32702   -0.04995   -0.04523    0.00318   -0.16100    0.18740   -0.54883
  -0.55289    0.29890    0.29245    0.32333    0.18574    0.24125   -0.93859
  -0.04730   -0.03254   -0.05298    0.04797   -0.21658    0.03947   -0.56662
  -0.32381   -0.20595   -0.21215   -0.13292   -0.42269   -0.39795   -0.61322
  -0.04872   -0.10716   -0.19557   -0.07439   -0.30795    0.62955   -0.74334
   0.06834   -0.64212   -0.61137   -0.59643   -0.79308   -0.76694   -0.21243
  -0.18055   -0.20111   -0.27951   -0.12318   -0.41219    0.42137   -0.71466
   0.40810    0.08874    0.10275    0.15413   -0.02250    0.58805   -0.75555
  -0.24008   -0.09481   -0.16075   -0.02079   -0.25493    0.44896   -0.81747
   0.84944    0.50641    0.52212    0.54677    0.45004   -0.92523   -0.67974
  -0.18682    0.34157    0.34706    0.38217    0.26618    0.33102   -0.75942
   0.56551    0.23775    0.25814    0.28371    0.15692   -0.03059   -0.41544
   0.69296    0.37653    0.41746    0.44540    0.34424   -0.92864   -0.43386
   0.15557   -0.46893   -0.43197   -0.39976   -0.64822   -0.23552   -0.20572
  -0.22392   -0.01508   -0.03692    0.05943   -0.16810    0.10508   -0.56705
   0.46033    0.08458    0.10394    0.13958   -0.01177    0.06150   -0.45738
   0.18780    0.11255    0.13330    0.12945    0.00765    0.03115   -0.84640
  -0.36035   -0.22427   -0.32342   -0.17213   -0.42178    0.46852   -0.67465
   0.32719    0.19268    0.20318    0.23735    0.11359    0.73919   -0.67808
  -0.13077    0.06456    0.01528    0.13029   -0.07079    0.39922   -0.78565
   0.01778   -0.42704   -0.37974   -0.36053   -0.57758   -0.11874   -0.36070
   0.12986    0.12521    0.08436    0.17990   -0.01901    0.60204   -0.84715
   0.53993   -0.14056   -0.12143   -0.08015   -0.26008    0.04418   -0.50452
   0.63116   -0.02325   -0.00945    0.02259   -0.17588    0.84144   -0.54912
   0.06886   -0.15198   -0.24043   -0.09489   -0.31968    0.60175   -0.68241
  -0.32088    0.09238    0.08071    0.15874   -0.03927    0.11747   -0.70988
   0.18625    0.02196    0.00872    0.08693   -0.12282    0.43504   -0.63679
   0.59110    0.08939    0.07402    0.13205   -0.03969    0.14642   -0.39888
  -0.39165   -0.05775   -0.09563    0.01286   -0.22478   -0.10271   -0.78233
  -0.28851   -0.27901   -0.32722   -0.21120   -0.50289    0.12090   -0.60416
  -0.59806   -0.08732   -0.13570   -0.01810   -0.20019   -0.01263   -0.79605
  -0.05808   -0.27967   -0.28794   -0.22531   -0.44884   -0.23574   -0.98022
  -0.04995   -0.18632   -0.21787   -0.10302   -0.40657    0.14486   -0.54573
  -0.44037   -0.12758   -0.20077   -0.06717   -0.30873    0.48161   -0.71067
   0.37663   -0.26077   -0.24683   -0.19978   -0.41746    0.62575   -0.47103
   0.28279    0.05990    0.05894    0.12137   -0.04203    0.41382   -0.55986
   0.38625   -0.61515   -0.57005   -0.56029   -0.84763   -0.16093   -0.22910
   0.32357    0.18071    0.16782    0.24569    0.06458    0.58127   -0.73917
  -0.19712    0.03979   -0.03809    0.09784   -0.11760    0.55674   -0.95398
  -0.00240   -0.15689   -0.23261   -0.09724   -0.33374    0.62446   -0.73852
   0.15777   -0.12196   -0.12097   -0.05462   -0.26889    0.10974   -0.42870
  -0.05749    0.20629    0.17961    0.24709    0.09347    0.47414   -0.77184
   0.62552   -0.13672   -0.09020   -0.08404   -0.23685   -0.14365   -0.31783
   0.00426    0.34653    0.37599    0.37334    0.28643   -0.92149   -0.51049
   0.23099    0.05002    0.05749    0.09467   -0.04794    0.20211   -0.47780
   0.67296   -0.25168   -0.22074   -0.18690   -0.41161   -0.63686   -0.32216
   0.80631    0.02142    0.03787    0.05758   -0.06679   -0.81190   -0.66985
   0.17859    0.11145    0.14728    0.16337    0.07509    0.64583   -0.63296
   0.61809   -0.02246   -0.02550    0.04079   -0.16629    0.16135   -0.41114
   0.43125   -0.15811   -0.13707   -0.10308   -0.29602   -0.29797   -0.48088
   0.03738   -0.21702   -0.23055   -0.13285   -0.34928    0.69377   -0.51061
   0.08582   -0.43594   -0.39764   -0.36220   -0.59988   -0.20746   -0.28532
  -0.09612    0.15884    0.15205    0.16144    0.03635   -0.55981   -0.65125
   0.51774    0.11460    0.10816    0.17666   -0.01164    0.75931   -0.60151
   0.32860   -0.11915   -0.08971   -0.06546   -0.23613   -0.05923   -0.47626
  -0.26920    0.00155   -0.08659    0.04685   -0.14063    0.43032   -1.05252
  -0.46796    0.08399    0.07050    0.09029   -0.06180    0.36410   -0.96852
  -0.02990    0.02299   -0.01253    0.06484   -0.13189    0.27008   -0.67833
   0.06282   -0.28090   -0.34215   -0.21332   -0.44856    0.67178   -0.70195
  -0.68394   -0.16176   -0.24018   -0.12311   -0.35166   -0.11261   -0.59035
  -0.28392   -0.30066   -0.34283   -0.22668   -0.43696   -0.13505   -0.68036
   0.78783    0.00224   -0.00274    0.05693   -0.15703    0.40274   -0.44242
   0.13424   -0.04664   -0.04041    0.02299   -0.16804    0.02233   -0.59674
   0.57616   -0.08088   -0.07429   -0.01028   -0.20823    0.24287   -0.35573
   0.99449   -0.18586   -0.18106   -0.11486   -0.32963   -0.05742   -0.44549
  -0.10906    0.03289   -0.01893    0.10136   -0.12275    0.48999   -0.85397
   0.27780    0.01556    0.01079    0.07492   -0.09067    0.54170   -0.65120
   0.23102    0.34242    0.34247    0.40161    0.26598    0.73401   -0.57140
   0.96990    0.14518    0.17686    0.21024    0.06059   -0.91353   -0.41918
  -0.49115    0.16315    0.14728    0.21775    0.05064    0.37497   -0.79521
   0.39703   -0.15433   -0.13263   -0.08525   -0.29954    0.05012   -0.46519
  -0.38831   -0.13056   -0.19245   -0.08252   -0.30757    0.16521   -0.52520
   0.14114    0.07343    0.05562    0.15071   -0.03795    0.24728   -0.51391
   0.83680    0.10193    0.09068    0.13029   -0.01649   -0.02030   -0.48612
   0.71550    0.01579    0.03227    0.09110   -0.12050    0.12282   -0.32815
   0.08122   -0.25104   -0.31126   -0.18200   -0.41795    0.67805   -0.71945
   0.06564    0.00546   -0.02673    0.08191   -0.12582    0.26066   -0.47747
  -0.09421   -0.08999   -0.16827   -0.04371   -0.28840    0.46656   -0.74383
   0.02922   -0.12645   -0.23456   -0.05763   -0.35403    0.38827   -0.59930
  -0.49955    0.03746   -0.01280    0.08439   -0.10769    0.47679   -0.92464
   0.60191    0.03909    0.04967    0.10085   -0.09882    0.78248   -0.41803
   0.02273    0.01145   -0.08548    0.05988   -0.14397    0.44842   -0.75736
  -0.39403   -0.34128   -0.38016   -0.30590   -0.45913   -0.21338   -0.59108
   0.08172   -0.21157   -0.25700   -0.15334   -0.36638    0.67003   -0.75937
   0.36727   -0.15151   -0.11644   -0.08336   -0.28485    0.06729   -0.33017
   0.12388   -0.06016   -0.01652    0.00236   -0.18395   -0.87373   -0.42803
  -0.16355   -0.12116   -0.16043   -0.04565   -0.31927   -0.01188   -0.64979
   0.94954   -0.27092   -0.24809   -0.22440   -0.39676   -0.57575   -0.28986
   0.23609   -0.10328   -0.08479   -0.02446   -0.23984    0.30776   -0.46692
   0.01512   -0.30186   -0.29385   -0.22238   -0.47133   -0.01150   -0.56814
   0.12627   -0.49696   -0.46195   -0.43309   -0.64312   -0.20786   -0.31836
  -0.11520    0.14860    0.13757    0.21345    0.02274    0.01909   -0.61288
  -0.18107    0.61134    0.61875    0.66495    0.55959   -0.71605   -0.76841
   0.37643    0.42123    0.43141    0.48005    0.38680    0.28038   -0.58568
   0.41656    0.05473    0.05969    0.12353   -0.05796    0.38381   -0.55022
   0.53987   -0.22379   -0.22564   -0.15974   -0.35434    0.01062   -0.53682
   0.39159   -0.50171   -0.47037   -0.43849   -0.64771   -0.54111   -0.30038
  -0.01625   -0.31816   -0.29628   -0.23062   -0.43887   -0.13184   -0.45788
  -0.33601   -0.19296   -0.25665   -0.15604   -0.39100    0.51449   -0.57323
   0.12962    0.42496    0.45965    0.47059    0.37372   -0.95404   -0.56327
   0.26362   -0.24169   -0.19386   -0.21089   -0.34682   -0.36023   -0.43852
   0.59510    0.02788    0.05759    0.09254   -0.12159    0.94968   -0.44146
  -0.09514    0.09092    0.06834    0.15959   -0.02690    0.40258   -0.63821
  -0.60164   -0.44676   -0.48292   -0.38527   -0.66041   -0.13730   -0.16986
  -0.01867    0.51291    0.50092    0.53785    0.44934   -0.83815   -0.80554
   0.23686   -0.21438   -0.21021   -0.13940   -0.38200   -0.04119   -0.43117
   0.83962   -0.12539   -0.12253   -0.08310   -0.26912   -0.07594   -0.33954
  -0.42896    0.18393    0.20204    0.24430    0.16711   -0.21548   -0.56962
   0.39680    0.42371    0.45229    0.48066    0.38109    0.08304   -0.42435
  -0.12884   -0.00723   -0.09050    0.06211   -0.17328    0.41219   -0.58814
  -0.15180   -0.04462   -0.10406    0.03262   -0.22014    0.25983   -0.64194
   0.31641   -0.02981   -0.01299    0.04598   -0.12544    0.37794   -0.52001
   0.59445   -0.16294   -0.17657   -0.09060   -0.32613   -0.01179   -0.29307
   0.42882   -0.07662   -0.06324   -0.01506   -0.19507    0.21181   -0.52304
  -0.27834   -0.16492   -0.21493   -0.11399   -0.34818    0.53476   -0.76541
   0.01651    0.15988    0.08809    0.14099    0.00445    0.54841   -1.06958
   0.06305    0.11855    0.04962    0.11221   -0.04803    0.41126   -0.82062
  -0.31707   -0.01763   -0.04614    0.05167   -0.13129   -0.06121   -0.71422
  -0.91855    0.20806    0.23504    0.26958    0.16213    0.51287   -0.67629
  -0.39735    0.38326    0.38525    0.41559    0.30396    0.19344   -0.66647
   0.46253   -0.14314   -0.12437   -0.07963   -0.31288   -0.10118   -0.47045
   0.72078   -0.10842   -0.08477   -0.06056   -0.20811   -0.90851   -0.46928
   0.11163   -0.14620   -0.17083   -0.05533   -0.31275    0.09295   -0.45101
  -0.04145   -0.03378   -0.12049    0.02502   -0.23317    0.43297   -0.86124
   0.49564    0.20158    0.21797    0.25371    0.10787    0.65790   -0.58536
   0.18723   -0.15458   -0.13799   -0.07740   -0.27830    0.34233   -0.50510
   0.02152    0.04706    0.06252    0.10827   -0.05987   -0.03239   -0.56568
   0.65032    0.03571    0.02764    0.08679   -0.10613    0.86960   -0.55559
  -0.39046    0.20558    0.18597    0.23033    0.07240   -0.38546   -0.81516
   0.14402    0.22066    0.20364    0.29176    0.10850    0.72689   -0.64014
   0.96929   -0.30214   -0.27629   -0.25155   -0.45923   -0.79791   -0.60717
  -0.10383    0.00663   -0.03119    0.07231   -0.15909    0.15379   -0.65993
   0.53629    0.35965    0.35760    0.42434    0.30023    0.41920   -0.49444
   0.44834    0.06641    0.06949    0.12365   -0.06837    0.76974   -0.43179
   0.06366    0.12552    0.11516    0.20093    0.00986    0.24692   -0.46458
  -0.43644    0.04271   -0.01220   -0.02940   -0.12355    0.51070   -1.72616
   0.36814    0.24515    0.23995    0.30858    0.17208    0.24850   -0.53003
   0.20274   -0.12131   -0.09435   -0.04904   -0.26042   -0.01462   -0.54093
  -0.30613   -0.22143   -0.27738   -0.14910   -0.43366    0.23552   -0.49175
   0.25654    0.19156    0.19124    0.25543    0.08693    0.52747   -0.63280
   0.51231   -0.40800   -0.37519   -0.35698   -0.56306   -0.30214   -0.41440
  -0.70193   -0.31358   -0.36630   -0.25906   -0.48230   -0.05317   -0.45813
   0.09470    0.05369    0.07678    0.13039   -0.02221    0.30549   -0.52368
   0.21839    0.21307    0.20820    0.26384    0.13962    0.66747   -0.72439
   0.95898   -0.05079   -0.03935    0.00614   -0.14142   -0.26695   -0.45632
   0.41291    0.54435    0.51317    0.54772    0.46028    0.85977   -0.55136
   0.29981   -0.07568   -0.09499   -0.00808   -0.22901    0.65413   -0.64194
  -0.64019   -0.06926   -0.14544    0.00049   -0.22843   -0.03595   -0.85480
  -0.52770   -0.36007   -0.37946   -0.28630   -0.53764   -0.11658   -0.54336
   0.39349    0.30056    0.32059    0.35227    0.25585    0.18713   -0.48802
  -0.43873   -0.17356   -0.22148   -0.10602   -0.34897   -0.12484   -0.68055
   0.79735   -0.34675   -0.36020   -0.27868   -0.53582   -0.23087   -0.28657
   0.54105   -0.35413   -0.39307   -0.28742   -0.59842   -0.08612   -0.15815
   0.16417   -0.20279   -0.17867   -0.12175   -0.32128   -0.10054   -0.41258
  -0.27867   -0.15311   -0.23654   -0.08625   -0.33065    0.36745   -0.66945
  -0.18845   -0.07934   -0.13173   -0.00548   -0.24285    0.27116   -0.61325
  -0.17325   -0.14157   -0.15663   -0.06641   -0.31218   -0.10812   -0.60964
   0.53633   -0.19989   -0.22262   -0.12208   -0.39685   -0.06456   -0.27388
  -0.18546    0.09690    0.04684    0.15919   -0.04285    0.35033   -0.91853
   0.24057   -0.22713   -0.19163   -0.14430   -0.39733   -0.06112   -0.35110
   0.01636   -0.04610   -0.05147    0.03648   -0.19744    0.03795   -0.50720
   0.63249    0.12323    0.10829    0.16088    0.00486    0.22683   -0.29408
  -0.10742    0.03028   -0.00187    0.09768   -0.10111    0.58856   -0.62028
   0.12649   -0.32666   -0.30104   -0.24702   -0.46959   -0.14114   -0.31441
  -0.04805    0.02773   -0.06042    0.08891   -0.15328    0.41588   -0.84004
   0.40691    0.09985    0.10693    0.16684   -0.02304    0.61299   -0.86934
  -0.25484   -0.24404   -0.26838   -0.16769   -0.39749   -0.04693   -0.54948
  -0.34542   -0.01913   -0.08884    0.02981   -0.16881    0.41051   -0.89289
  -0.20637   -0.19414   -0.22646   -0.15839   -0.34714   -0.24230   -0.72757
  -0.87145    0.55389    0.57555    0.62738    0.51862    0.54691   -0.58450
   0.67845   -0.02416   -0.00960    0.05070   -0.13517    0.31473   -0.33221
   0.19610    0.59634    0.53655    0.58037    0.49846    0.68207   -0.77520
   0.72259    0.54408    0.56875    0.57962    0.49636   -0.93586   -0.50629
   0.12739   -0.04705   -0.08338   -0.00510   -0.17555    0.63451   -0.78839
   0.37386    0.05315    0.06568    0.11663   -0.03642    0.22575   -0.40581
   0.11473   -0.57393   -0.52289   -0.48917   -0.76959   -0.57258   -0.16502
   0.07574   -0.38598   -0.35418   -0.31385   -0.57031   -0.54818   -0.18149
   0.07035    0.06846    0.04046    0.14187   -0.07625    0.19270   -0.58529
  -0.60113   -0.21395   -0.28335   -0.14828   -0.31947    0.09608   -0.50592
  -0.19623    0.10240    0.09597    0.17308   -0.00495    0.11464   -0.62935
  -0.40185    0.07537    0.04346    0.15420   -0.04903    0.00239   -0.66058
   0.06768   -0.19910   -0.23741   -0.15411   -0.35882    0.56269   -0.77568
   0.22160   -0.04490   -0.00499   -0.00822   -0.13551   -0.42307   -0.54934
  -0.43841   -0.17890   -0.20708   -0.13189   -0.31513    0.41620   -0.73788
   0.23466    0.32632    0.34727    0.38739    0.27320    0.22119   -0.40494
   0.29950   -0.55110   -0.49670   -0.49706   -0.75260   -0.18155   -0.27701
   0.08980   -0.21109   -0.22971   -0.13905   -0.40469    0.07580   -0.41884
  -0.36707    0.06629    0.08611    0.08720   -0.07260   -0.34639   -0.91697
  -0.40624   -0.23328   -0.29926   -0.19655   -0.42216    0.49555   -0.78687
  -0.03518   -0.33949   -0.42571   -0.26223   -0.58540    0.38294   -0.39814
   0.72929   -0.18666   -0.19981   -0.13862   -0.38220   -0.03630   -0.38115
  -0.10465    0.00100   -0.03876    0.06956   -0.13977    0.41003   -0.69824
   0.86410   -0.23490   -0.22131   -0.16270   -0.36168   -0.73244   -0.37662
   0.56917   -0.40826   -0.37560   -0.34477   -0.56950   -0.60947   -0.18985
   0.69008   -0.33575   -0.36170   -0.33832   -0.54177   -0.17504   -0.59262
   0.34218   -0.28594   -0.25389   -0.21449   -0.45464    0.04301   -0.34610
  -0.72982   -0.21123   -0.27259   -0.16391   -0.34884   -0.04411   -0.40836
  -0.13233   -0.28942   -0.35575   -0.22910   -0.50782    0.69823   -0.69146
   0.60187   -0.07801   -0.08014    0.00444   -0.22389    0.23602   -0.39190
   0.90246    0.12408    0.15784    0.19467    0.01558   -0.73391   -0.43080
   0.34933    0.23170    0.26358    0.30130    0.18019    0.49518   -0.58401
  -0.13532    0.12817    0.06303    0.16318   -0.02868    0.60245   -0.95527
  -0.01731    0.38955    0.41425    0.41854    0.33855    0.70312   -0.82977
   0.70383   -0.13064   -0.14079   -0.04312   -0.28791    0.44017   -0.37122
   0.45574   -0.04768   -0.03175    0.01601   -0.16416    0.09461   -0.47202
   0.29498   -0.11532   -0.10967   -0.03824   -0.25001    0.37433   -0.60436
   0.56544   -0.08624   -0.07876   -0.04320   -0.23969   -0.07897   -0.41031
  -0.09318   -0.35930   -0.45222   -0.29930   -0.59034    0.69781   -0.71588
   0.06043   -0.03300   -0.01239    0.02106   -0.13899   -0.14000   -0.58024
   0.06993   -0.07652   -0.10409   -0.01578   -0.22459    0.39009   -0.66433
   0.15220   -0.00069   -0.03614    0.04825   -0.15007    0.56700   -0.63766
   0.48035    0.27694    0.29045    0.33349    0.20745    0.24202   -0.46047
  -0.16493    0.05180    0.03734    0.12653   -0.06687   -0.06948   -0.68373
   0.65365    0.18529    0.18868    0.22034    0.07091    0.16367   -0.40223
   0.14467    0.07361    0.06279    0.13141   -0.05886    0.30028   -0.50722
  -0.51463   -0.13683   -0.20525   -0.24882   -0.38432    0.15883   -0.95570
  -0.45772   -0.06875   -0.11341   -0.02046   -0.21907    0.49476   -0.83163
   0.15988   -0.04064   -0.08833    0.01785   -0.18021    0.70957   -0.89402
  -0.04215   -0.33005   -0.31783   -0.26589   -0.48666   -0.26672   -0.43281
  -0.36898    0.06745    0.05088    0.12734   -0.06558    0.34553   -0.68730
  -0.47835   -0.55147   -0.54849   -0.49111   -0.69191   -0.17875   -0.36070
   0.39354   -0.04609   -0.07924    0.02746   -0.17137    0.37067   -0.85633
   0.27853    0.10777    0.12981    0.16081    0.02419    0.45611   -0.50309
   0.11570   -0.15216   -0.12536   -0.08164   -0.27972   -0.08055   -0.46755
   0.04934   -0.20696   -0.18866   -0.14299   -0.34074   -0.07825   -0.46784
   0.51368    0.44161    0.46652    0.45603    0.38820    0.22966   -0.36487
  -0.10866    0.18083    0.16315    0.24488    0.07235    0.42368   -0.70213
   0.26699    0.02280    0.02683    0.08322   -0.09073    0.42924   -0.65573
   0.06731    0.07574    0.10444    0.14533   -0.00904   -0.03229   -0.53888
   0.25174   -0.20917   -0.20808   -0.13333   -0.36321    0.06830   -0.48474
  -0.52779   -0.47142   -0.54243   -0.41042   -0.69010    0.45994   -0.65075
  -0.56924    0.02831    0.01377    0.08855   -0.10623    0.46962   -0.73472
   0.44126   -0.40961   -0.37169   -0.32825   -0.61902   -0.58643   -0.07244
  -0.28525   -0.17703   -0.25029   -0.13305   -0.35196    0.43896   -0.74555
   0.03722   -0.16963   -0.32878   -0.10596   -0.40615    0.42076   -0.67070
   0.74970   -0.15087   -0.14474   -0.07021   -0.33429    0.12547   -0.28119
  -0.84506   -0.28261   -0.29908   -0.22093   -0.49008    0.52044   -0.58704
   0.79649   -0.42863   -0.39142   -0.36244   -0.59838   -0.61911   -0.32894
  -0.36021    0.07219    0.03558    0.13591   -0.06427    0.09147   -0.56374
  -0.14758   -0.17309   -0.21482   -0.09945   -0.35989    0.02857   -0.45637
   0.59763    0.27520    0.28498    0.32390    0.19584    0.25703   -0.40067
   0.17042    0.00419   -0.00683   -0.02514   -0.13102   -0.02930   -1.21433
   0.35032    0.52239    0.53022    0.58038    0.47147    0.50822   -0.58124
   0.59403   -0.17216   -0.16959   -0.12805   -0.34813   -0.04245   -0.30639
   0.56330   -0.31068   -0.28254   -0.22898   -0.49093    0.75658   -0.12907
  -0.02165   -0.02365   -0.11438    0.03699   -0.21230    0.47045   -0.66111
   0.35786   -0.18777   -0.15639   -0.12040   -0.31509   -0.24964   -0.57329
   0.19543    0.15709    0.12468    0.08418    0.00764   -0.02852   -1.08478
   0.39658    0.49988    0.49935    0.55384    0.44903    0.43881   -0.56290
  -0.62013   -0.07442   -0.13874   -0.01049   -0.19972   -0.02115   -0.82736
  -0.32267   -0.02280   -0.05340    0.03743   -0.15502    0.01265   -0.78673
  -0.64917    0.05289    0.00351    0.09801   -0.06267   -0.01048   -0.84543
   0.65240   -0.10444   -0.07603   -0.03840   -0.24192   -0.76841   -0.36934
   0.06487   -0.31664   -0.30347   -0.25851   -0.44666   -0.15910   -0.54711
  -0.19354   -0.14107   -0.21642   -0.10978   -0.33950    0.16662   -0.67169
   0.68955    0.04352    0.04339    0.09768   -0.07633    0.03221   -0.37898
  -0.01025   -0.29524   -0.31616   -0.21057   -0.47007    0.24523   -0.45341
  -0.05875   -0.20505   -0.19716   -0.14768   -0.28241   -0.17289   -0.58107
   0.02556   -0.04449   -0.00845    0.01516   -0.19584   -0.62158   -0.28314
  -0.31576   -0.44531   -0.55589   -0.40184   -0.63823    0.47026   -0.42231
   0.39641    0.30265    0.31065    0.35735    0.22793    0.85988   -0.45534
  -0.09997    0.42594    0.43291    0.45083    0.36557    0.61002   -0.74910
  -0.14946   -0.04355   -0.12699   -0.00023   -0.23183    0.24455   -0.81479
   0.25851    0.03759    0.05787    0.10140   -0.06696    0.31887   -0.53907
  -0.06764    0.11478    0.06701    0.17735   -0.04039    0.46181   -0.84096
  -0.16555   -0.20204   -0.27328   -0.15235   -0.40351    0.65539   -0.61749
   0.89414    0.36906    0.38226    0.43465    0.28984    0.12214   -0.34524
  -0.37338    0.10078    0.07914    0.16591   -0.01955    0.05473   -0.73175
  -0.41168   -0.19434   -0.26325   -0.14040   -0.39260    0.09145   -0.34298
   0.20689    0.25142    0.24773    0.30112    0.14716    0.30130   -0.59266
   0.48532   -0.13950   -0.11431   -0.07629   -0.26598    0.09394   -0.51777
   0.38700    0.03542    0.04935    0.11027   -0.06590    0.40040   -0.57478
  -0.02976   -0.12160   -0.13654   -0.04523   -0.30761    0.05533   -0.44038
   0.72588   -0.04354   -0.01121    0.01764   -0.16760    0.38641   -0.39119
  -0.42372   -0.14049   -0.18622   -0.06325   -0.29804   -0.09317   -0.72616
   0.84834   -0.59407   -0.58951   -0.53441   -0.70236   -0.26306   -0.09544
   0.46357   -0.08803   -0.06203   -0.01463   -0.20324   -1.00000   -0.40319
   0.73355   -0.29542   -0.25946   -0.23203   -0.46647   -0.47576   -0.29328
   0.05187   -0.24316   -0.34181   -0.18635   -0.46772    0.43102   -0.67482
  -0.59065   -0.49654   -0.51886   -0.43523   -0.68570   -0.15473   -0.45979
   0.34625   -0.35594   -0.30221   -0.28902   -0.47010   -0.55313   -0.15948
   0.06944    0.05847    0.04039    0.10693   -0.03975    0.29485   -0.74351
   0.37577    0.16719    0.20721    0.22942    0.11350    0.78324   -0.50347
  -0.26891   -0.17613   -0.24882   -0.11742   -0.34885    0.46541   -0.76374
   0.92285    0.14996    0.14435    0.13466    0.04021   -0.05419   -0.65947
  -0.10686    0.12363    0.14810    0.19717    0.01224   -0.62993   -0.72243
  -0.02723   -0.09578   -0.17693   -0.02072   -0.26807    0.51895   -0.61964
  -0.27898    0.06673    0.03922    0.12346   -0.07678    0.01235   -0.80195
  -0.11552   -0.17243   -0.23224   -0.09606   -0.35794    0.27603   -0.61771
   0.13815   -0.07010   -0.14032   -0.00534   -0.23319    0.61598   -0.67626
   0.25229    0.42903    0.45578    0.47398    0.39986    0.71240   -0.63548
   0.65897    0.03397    0.02171    0.10547   -0.10008    0.25304   -0.43127
   0.38517   -0.62194   -0.56761   -0.58877   -0.81591   -0.27536   -0.19879
  -0.33301   -0.10975   -0.13416   -0.04459   -0.24833    0.43638   -0.76831
  -0.31314    0.08225    0.02057    0.11457   -0.04595    0.41099   -0.97822
  -0.28859    0.02095   -0.04084    0.07229   -0.11014    0.42655   -0.94545
  -0.32081   -0.13950   -0.18380   -0.08604   -0.27425   -0.22674   -0.60738
  -0.15593   -0.14298   -0.21421   -0.07320   -0.32986    0.40284   -0.63429
  -0.58664   -0.10657   -0.13513   -0.04058   -0.25272    0.43462   -0.66900
   0.01073    0.08044    0.01917    0.14700   -0.07939    0.40069   -0.48858
  -0.51085   -0.28124   -0.38642   -0.25715   -0.47879    0.46687   -0.84284
   0.44507    0.40731    0.41662    0.40114    0.36396    0.42665   -0.54598
  -0.09837    0.18744    0.14662    0.25275    0.07106    0.53151   -0.75150
  -0.48729   -0.23267   -0.27707   -0.15519   -0.42266    0.49229   -0.64515
   0.09001    0.35813    0.35860    0.35983    0.28233    0.40482   -0.75303
  -0.21915   -0.15608   -0.17898   -0.08477   -0.30112   -0.10599   -0.61796
  -0.01100    0.02801   -0.06109    0.08244   -0.13295    0.50818   -0.71496
   0.05647   -0.17341   -0.22728   -0.11932   -0.36125    0.40215   -0.56661
   0.46426   -0.49354   -0.44400   -0.45098   -0.65177   -0.27733   -0.35334
  -0.20962   -0.05430   -0.10298    0.01372   -0.22737    0.24429   -0.56464
  -0.35225   -0.18375   -0.22194   -0.10619   -0.37211    0.05519   -0.69221
   0.11045   -0.20026   -0.24132   -0.11344   -0.37482    0.33429   -0.33477
   0.35009    0.12914    0.13217    0.18862    0.02335    0.45194   -0.60488
   0.16098    0.39911    0.45789    0.46769    0.40747    0.03878   -0.43529
   0.71156   -0.31553   -0.32526   -0.24599   -0.52666   -0.11620   -0.20500
  -0.17692    0.01936   -0.02008    0.08559   -0.11702    0.25940   -0.60675
  -0.33796   -0.08790   -0.17844   -0.05030   -0.25874    0.46362   -0.86284
  -0.08715   -0.13108   -0.12152   -0.05632   -0.24010   -0.07147   -0.44288
  -0.30821   -0.19037   -0.24094   -0.14147   -0.35448    0.44320   -0.81578
   0.53270    0.05274    0.06343    0.11524   -0.06930    0.39969   -0.57422
   0.29263   -0.38303   -0.37195   -0.35769   -0.53022   -0.79418   -0.65011
  -0.37007   -0.07025   -0.15545   -0.02124   -0.24403    0.48095   -0.80810
   0.06187   -0.10232   -0.16655   -0.02716   -0.26836    0.21515   -0.42244
  -0.51412   -0.03598   -0.09521    0.01305   -0.20011    0.40058   -1.00028
  -0.32530   -0.12551   -0.14950   -0.06042   -0.25560    0.04199   -0.66909
   0.01910    0.20087    0.19398    0.26863    0.07796    0.05597   -0.60536
   0.36946    0.13218    0.13993    0.19850    0.04462    0.45124   -0.58355
   0.11689   -0.12456   -0.11802   -0.05502   -0.27646   -0.04160   -0.52189
   0.99593   -0.41669   -0.39068   -0.34368   -0.58372   -0.34004   -0.20056
   0.18168   -0.10105   -0.14686   -0.03828   -0.28287    0.56240   -0.51116
   0.66810    0.23469    0.23258    0.30057    0.14598    0.21767   -0.35891
   0.38969    0.27301    0.27555    0.33985    0.20119    0.35539   -0.66127
   0.19854    0.26826    0.23670    0.30806    0.16004    0.73426   -0.68914
   0.61216   -0.00272   -0.01163    0.06335   -0.12789    0.04235   -0.36932
   0.22305   -0.07235   -0.06847   -0.00076   -0.21509    0.17783   -0.39260
  -0.05600   -0.21455   -0.21285   -0.13575   -0.33275   -0.09262   -0.51823
   0.18882   -0.01779   -0.01863    0.05562   -0.13648    0.14402   -0.46214
   0.11993   -0.13558   -0.14742   -0.05030   -0.26655    0.30684   -0.33793
  -0.13490   -0.10398   -0.13725   -0.03333   -0.29690    0.00898   -0.54152
   0.02390   -0.16989   -0.26231   -0.09928   -0.37114    0.36614   -0.56257
  -0.24822   -0.14680   -0.20138   -0.08388   -0.34585    0.21916   -0.45949
  -0.02462   -0.07632   -0.09945   -0.04104   -0.20155    0.56715   -0.65658
   0.41460    0.19593    0.20464    0.26346    0.11226    0.41862   -0.53775
  -0.01432   -0.20000   -0.23224   -0.13367   -0.36734    0.28417   -0.39096
  -0.39408   -0.21157   -0.25205   -0.14011   -0.35704   -0.17673   -0.78000
   0.12124    0.04783    0.05075    0.11067   -0.03212    0.65232   -0.80747
  -0.08921   -0.21129   -0.27221   -0.13464   -0.45414    0.11362   -0.42418
   0.10643   -0.20066   -0.19469   -0.13026   -0.33731    0.00655   -0.63293
   0.56883    0.24947    0.24569    0.32512    0.17388    0.42307   -0.42195
   0.14943   -0.12411   -0.08474   -0.08662   -0.18714    0.65117   -0.74105
  -0.64428    0.19250    0.14535    0.24306    0.11459    0.17952   -0.74828
  -0.28610    0.11522    0.05165    0.16052   -0.02485    0.38294   -1.00157
   0.34169   -0.18133   -0.15778   -0.10607   -0.33619    0.09160   -0.42694
   0.14765    0.04404    0.04081    0.11694   -0.07882    0.09311   -0.51492
   0.23690   -0.27183   -0.24631   -0.18736   -0.46310   -0.10120   -0.30366
   0.06259   -0.15826   -0.20509   -0.11362   -0.27229    0.63561   -0.56607
   0.34709    0.41110    0.42797    0.47490    0.36242    0.38346   -0.54395
  -0.12643    0.04046    0.02145    0.09687   -0.07930    0.59158   -0.89916
   0.20016   -0.35481   -0.32151   -0.28393   -0.50284   -0.13990   -0.34031
   0.47424    0.09554    0.08127    0.11727   -0.04678    0.70108   -0.67133
   0.28545   -0.04019   -0.04239   -0.00871   -0.19771    0.03663   -0.57938
   0.08531   -0.08974   -0.16217   -0.02318   -0.24610    0.63451   -0.79075
   0.30977    0.30110    0.32331    0.33589    0.22339   -0.33686   -0.54856
  -0.18597   -0.08326   -0.13899   -0.01734   -0.28235    0.24767   -0.56382
  -0.40926   -0.32223   -0.40619   -0.26223   -0.55393    0.46638   -0.45514
   0.65934   -0.02753    0.00878    0.02672   -0.11290   -0.38722   -0.61226
   0.47413    0.07431    0.09348    0.15692   -0.01793    0.37474   -0.41823
   0.95175   -0.30966   -0.29628   -0.25353   -0.48983   -0.42400   -0.33156
   0.01459   -0.13099   -0.16472   -0.06499   -0.28799    0.28432   -0.57171
   0.17083   -0.04497   -0.07241    0.02194   -0.18537    0.24381   -0.43910
   0.84398    0.06129    0.02843    0.09327   -0.11972    0.25692   -0.56820
  -0.17470    0.18318    0.15947    0.24380    0.07126    0.29221   -0.74781
   0.03341    0.08157   -0.02199    0.14499   -0.07404    0.50413   -0.85160
  -0.14213   -0.13153   -0.13573   -0.07429   -0.25484   -0.10851   -0.61809
   0.52834    0.39065    0.38991    0.42753    0.28844    0.72348   -0.55623
   0.14563   -0.01130   -0.02249    0.06095   -0.15734    0.31241   -0.52411
  -0.14955    0.11546    0.11001    0.18588   -0.01021   -0.03621   -0.59114
  -0.05812    0.00583    0.00589    0.09855   -0.15506    0.12646   -0.34685
   0.23618   -0.17207   -0.16160   -0.09769   -0.32887   -0.00349   -0.37696
  -0.61322   -0.09206   -0.10889   -0.01979   -0.18283    0.04382   -0.76050
  -0.35651   -0.03154   -0.05413    0.03353   -0.15108   -0.08428   -0.71829
  -0.13309    0.21913    0.20092    0.26485    0.12254   -0.21105   -0.96330
   0.16367   -0.06577   -0.00144   -0.00767   -0.10031   -0.83694   -0.67209
   0.71873   -0.14567   -0.10539   -0.08216   -0.27347   -0.51575   -0.39698
  -0.67727   -0.14302   -0.19761   -0.08472   -0.27753   -0.02317   -0.73966
  -0.14128   -0.07837   -0.14297   -0.03381   -0.23163    0.18186   -0.72506
  -0.58298    0.01224    0.02570    0.07005   -0.09755   -0.12111   -0.54663
  -0.62315   -0.23817   -0.27343   -0.17556   -0.43726    0.44954   -0.55080
   0.55552    0.11099    0.12708    0.15949   -0.00592    0.77978   -0.54242
   0.17617    0.00447    0.00106    0.07229   -0.09424    0.25898   -0.43181
  -0.22896    0.09569    0.03210    0.15435   -0.07082    0.60949   -0.79641
   0.34254   -0.14671   -0.14181   -0.07162   -0.27552    0.32587   -0.37282
   0.98980   -0.37905   -0.35502   -0.30537   -0.54624   -0.20268   -0.30983
   0.12172    0.01669   -0.03866    0.06154   -0.11805    0.70076   -0.76901
   0.15158   -0.01571   -0.04599    0.05398   -0.14912    0.49091   -0.45078
  -0.04987   -0.12820   -0.23419   -0.06283   -0.36504    0.38828   -0.90635
  -0.52339   -0.10553   -0.13658   -0.02495   -0.25248    0.05443   -0.62060
   0.27933    0.51196    0.53709    0.55872    0.48429    0.76883   -0.52758
   0.65409   -0.27942   -0.29079   -0.21894   -0.46729    0.85480   -0.62553
  -0.42012   -0.01875   -0.06685    0.04825   -0.16883   -0.04281   -0.73763
   0.29933   -0.22954   -0.19856   -0.16318   -0.37488   -0.05922   -0.43285
  -0.13350   -0.14553   -0.25868   -0.06760   -0.32498    0.36029   -0.83045
   0.51504    0.00480   -0.02234    0.06291   -0.11965   -0.00909   -0.40803
  -0.13389    0.19685    0.15246    0.25393    0.08895    0.54290   -0.88674
  -0.22821    0.19782    0.17356    0.24079    0.06768    0.14097   -0.73143
   0.37405   -0.20497   -0.18524   -0.17941   -0.32513   -0.78407   -0.84554
   0.98772   -0.35110   -0.33835   -0.29113   -0.50824   -0.11753   -0.32542
  -0.23514   -0.07845   -0.14213   -0.01560   -0.23807    0.36433   -0.73296
   0.41666   -0.16805   -0.16509   -0.11368   -0.30701   -0.03068   -0.46075
   0.07613   -0.20551   -0.17938   -0.12798   -0.36250   -0.01088   -0.46306
   0.12701   -0.44213   -0.39842   -0.36684   -0.58550   -0.16057   -0.25593
   0.26273    0.25383    0.26112    0.31715    0.17096    0.47468   -0.55907
   0.68788   -0.13074   -0.08643   -0.05781   -0.25083    0.34935   -0.23260
   0.38145    0.15728    0.19391    0.22984    0.12052    0.52093   -0.50032
  -0.13240   -0.26774   -0.25742   -0.19452   -0.38236   -0.19198   -0.46164
   0.91160   -0.16219   -0.15914   -0.11387   -0.27452   -0.30523   -0.51170
  -0.62761    0.25378    0.27409    0.31656    0.23379    0.00517   -0.80080
  -0.68055   -0.14389   -0.22693   -0.08828   -0.30362   -0.06868   -0.60653
   0.17354   -0.02016   -0.03768    0.04375   -0.12916    0.70070   -0.71028
   0.05742   -0.09622   -0.13693   -0.05249   -0.23171    0.28137   -0.80295
   0.22503   -0.01269   -0.02825    0.04871   -0.13750    0.37950   -0.58827
  -0.20659   -0.43742   -0.45434   -0.37414   -0.61878   -0.18675   -0.45577
  -0.42507   -0.17277   -0.24962   -0.11548   -0.37441    0.45846   -0.69834
   0.04489    0.06060    0.05880    0.12274   -0.08595    0.03775   -0.54509
  -0.43267   -1.00000   -1.00000   -1.00000   -1.00000   -0.27013   -0.09278
  -0.09827   -0.18476   -0.23885   -0.11573   -0.36848    0.34818   -0.66350
   0.12533    0.04251    0.04913    0.07494   -0.06936   -0.00813   -0.59134
   0.31793   -0.01063   -0.00286    0.06347   -0.11659    0.38799   -0.48990
   0.22503   -0.06468   -0.06169    0.00046   -0.16017   -0.51794   -0.46767
  -0.76510    0.60096    0.61869    0.68050    0.53351    0.46560   -0.53626
   0.09034   -0.04835   -0.03516    0.00547   -0.13945   -0.17047   -0.65313
  -0.73164    0.41118    0.43722    0.47081    0.33979    0.53758   -0.57220
  -0.49168   -0.14882   -0.19376   -0.07714   -0.33024    0.20549   -0.45192
   0.79121   -0.35116   -0.38198   -0.27461   -0.57068   -0.20201   -0.22630
   0.53995   -0.13926   -0.12169   -0.07674   -0.27090    0.07753   -0.38787
   0.36983    0.23980    0.23577    0.27639    0.15402    0.43439   -0.62525
   0.22931    0.26699    0.28707    0.31643    0.19757    0.42506   -0.63087
  -0.07562   -0.12343   -0.17044   -0.06311   -0.32232    0.49441   -0.69940
   0.30239    0.06256    0.07319    0.13403   -0.04186    0.41314   -0.50956
   0.04950    0.39439    0.38319    0.43271    0.32532   -0.88569   -0.79613
   0.01916   -0.33208   -0.29113   -0.26293   -0.45010   -0.19068   -0.44757
  -0.51784    0.14598    0.11059    0.16710    0.01657    0.44691   -1.28721
   0.34204   -0.13197   -0.10747   -0.06560   -0.25971    0.02697   -0.49635
  -0.18928    0.11671    0.05646    0.18713   -0.01710    0.37526   -1.03387
  -0.52641    0.00998   -0.08537    0.06393   -0.15048    0.12391   -0.41631
   0.53985   -0.10662   -0.06656   -0.03301   -0.21532    0.02713   -0.43111
   0.03327   -0.16181   -0.22274   -0.09511   -0.29921    0.60438   -0.69172
   0.98873   -0.19735   -0.18403   -0.15990   -0.35045   -0.60398   -0.52355
   0.40821    0.35450    0.37749    0.42056    0.31120    0.51850   -0.54762
   0.65244   -0.18997   -0.18612   -0.09645   -0.37655    0.44674   -0.35218
   0.67896   -0.24099   -0.23747   -0.14791   -0.43782    0.41650   -0.22925
  -0.19066    0.24798    0.17508    0.19936    0.09652    0.65372   -1.59596
  -0.09121    0.11634    0.13736    0.18440    0.06632    0.31864   -0.63123
  -0.07356   -0.09825   -0.15060   -0.02851   -0.27168    0.47658   -0.71949
  -0.62339    0.08178    0.06223    0.13511   -0.04302   -0.07165   -0.75153
   1.00000    0.23858    0.25816    0.28169    0.15374   -0.91770   -0.53133
   0.39882   -0.24795   -0.23031   -0.18764   -0.40970   -0.07569   -0.36920
   0.79085   -0.37572   -0.36904   -0.31073   -0.51115   -0.29993   -0.28690
  -0.02030   -0.00805   -0.09440    0.07149   -0.18206    0.53641   -0.72205
   0.00852   -0.04567   -0.12692   -0.01260   -0.20366    0.64606   -0.82929
   0.11517   -0.25164   -0.31577   -0.20859   -0.44030    0.42057   -0.77558
   0.25216    0.18591    0.17973    0.25138    0.07321    0.49357   -0.58079
   0.26565   -0.09814   -0.08930   -0.02944   -0.20944   -0.48034   -0.49324
   0.92313   -0.29868   -0.28408   -0.22992   -0.48134   -0.08005   -0.41480
  -0.03065   -0.03860   -0.05796   -0.03313   -0.15694   -0.88888   -0.78873
   0.08392    0.04798    0.01418    0.12747   -0.06797    0.36118   -0.76767
  -0.40544   -0.25714   -0.34226   -0.22395   -0.46980    0.47298   -0.62901
  -0.01010    0.00118   -0.04893    0.07082   -0.16637    0.21101   -0.59535
   0.02007    0.01592   -0.04339    0.09174   -0.11273    0.30991   -0.66076
   0.85389   -0.13369   -0.11988   -0.05422   -0.30300    0.03555   -0.26937
   0.29855    0.18182    0.17368    0.23786    0.08468    0.36261   -0.61395
   0.47793    0.55834    0.57802    0.58325    0.50817    0.88472   -0.44689
   0.29753   -0.46566   -0.43789   -0.40395   -0.64523   -0.13787   -0.40967
  -0.52215   -0.07844   -0.09845    0.00476   -0.22902   -0.08000   -0.52422
  -0.45695   -0.21668   -0.28514   -0.15855   -0.40681    0.47576   -0.69186
   0.75261   -0.14199   -0.12719   -0.06579   -0.30495    0.14584   -0.31161
   0.01875   -0.39019   -0.35059   -0.32548   -0.51893   -0.20799   -0.35064
  -0.12110    0.10768    0.14154    0.18149    0.03889   -0.07280   -0.58557
   0.13054   -0.32306   -0.30521   -0.23656   -0.48983   -0.11970   -0.28788
   0.09055    0.04222    0.01736    0.09708   -0.07574    0.21542   -0.52691
   0.11246    0.02585    0.02263    0.10167   -0.08093    0.29458   -0.45561
  -0.00126    0.02976   -0.03095    0.08401   -0.12093    0.35296   -0.71863
  -0.42420   -0.09996   -0.14065   -0.03234   -0.28205    0.11597   -0.45421
   0.22325   -0.26632   -0.26238   -0.20880   -0.41642    0.38845   -0.52617
   0.66904   -0.22762   -0.21367   -0.17053   -0.38700   -0.26744   -0.40375
   0.37708   -0.27159   -0.27290   -0.20643   -0.46002    0.68578   -0.45389
   0.50860    0.49984    0.51183    0.53305    0.43796    0.69671   -0.55193
  -0.04722    0.13045    0.05619    0.20056   -0.00650    0.53808   -0.79316
   0.72540   -0.24634   -0.20343   -0.18048   -0.39327   -0.75072   -0.32705
   0.29798   -0.19170   -0.15307   -0.13175   -0.31002   -0.12326   -0.47253
  -0.72109   -0.19578   -0.29970   -0.15242   -0.39786   -0.13526   -0.74075
   0.63850   -0.31913   -0.30086   -0.25974   -0.51579   -0.10895   -0.13410
  -0.54641   -0.32543   -0.33572   -0.28175   -0.41039   -0.16324   -0.80658
   0.31092   -0.49682   -0.45562   -0.46821   -0.63900   -0.36803   -0.20734
   0.87087   -0.20897   -0.22430   -0.13997   -0.32065   -0.20830   -0.31185
   0.43913   -0.24447   -0.20379   -0.16802   -0.40737   -0.56130   -0.21150
  -0.58463   -0.17063   -0.19371   -0.25038   -0.43051    0.47849   -1.19668
   0.58775    0.02940    0.03578    0.08877   -0.09347    0.18723   -0.44298
  -0.16730    0.09290    0.03631    0.13955   -0.07677    0.61997   -0.68303
  -0.22689   -0.24387   -0.25409   -0.16818   -0.42731   -0.08668   -0.50870
   0.01782   -0.02647   -0.04278   -0.05790   -0.16738    0.66050   -1.11183
  -0.25941   -0.24737   -0.31911   -0.20520   -0.45356    0.48093   -0.69487
  -0.20144    0.00125   -0.00054    0.03452   -0.14531   -0.12329   -0.89273
   0.47123   -0.24393   -0.27108   -0.19053   -0.43803   -0.71524   -0.52913
   0.44403    0.19071    0.18977    0.24851    0.06142    0.60900   -0.60691
   0.00847    0.28887    0.28411    0.28767    0.20151    0.68548   -0.79154
  -0.80874   -0.07408   -0.10880   -0.02120   -0.22169    0.53091   -0.79335
   0.50619   -0.39310   -0.35833   -0.33311   -0.58775   -0.64323   -0.21542
