-1.000000000000000000e+00,1.000000000000000000e+00,2.351419999999999899e-01,-8.695650000000000601e-02,7.229939999999999978e-02,-5.238099999999999978e-01,-1.000000000000000000e+00,1.800000000000000000e+01
-1.000000000000000000e+00,1.000000000000000000e+00,4.625319999999999987e-01,4.347829999999999750e-02,3.841789999999999927e-01,-2.500000000000000000e-01,5.000000000000000000e-01,1.550000000000000000e+01
0.000000000000000000e+00,2.000000000000000111e-01,-6.020670000000000188e-01,-6.739129999999999843e-01,-1.227670000000000011e-01,3.809520000000000128e-01,8.333329999999999904e-01,3.069999999999999929e+01
0.000000000000000000e+00,-5.999999999999999778e-01,-7.312659999999999716e-01,-5.434780000000000166e-01,-2.378790000000000071e-01,7.142859999999999487e-02,-1.666670000000000096e-01,2.300000000000000000e+01
-1.000000000000000000e+00,-5.999999999999999778e-01,-6.537469999999999670e-01,-5.869569999999999510e-01,-5.026939999999999742e-01,-8.333329999999999904e-02,8.333329999999999904e-01,2.719999999999999929e+01
0.000000000000000000e+00,-5.999999999999999778e-01,-8.449609999999999621e-01,-6.739129999999999843e-01,-6.988940000000000152e-01,-2.023810000000000053e-01,6.666670000000000096e-01,4.150000000000000000e+01
-1.000000000000000000e+00,2.000000000000000111e-01,-3.178289999999999726e-01,-5.760870000000000157e-01,-2.191659999999999997e-01,2.142860000000000043e-01,5.000000000000000000e-01,1.980000000000000071e+01
-1.000000000000000000e+00,2.000000000000000111e-01,-3.178289999999999726e-01,-5.760870000000000157e-01,-4.476890000000000036e-01,-4.761900000000000160e-02,-1.000000000000000000e+00,2.100000000000000000e+01
-1.000000000000000000e+00,2.000000000000000111e-01,-3.178289999999999726e-01,-5.760870000000000157e-01,-2.333429999999999949e-01,-7.142859999999999487e-02,3.333329999999999904e-01,2.019999999999999929e+01
0.000000000000000000e+00,-5.999999999999999778e-01,-8.811369999999999481e-01,-7.500000000000000000e-01,-7.068330000000000446e-01,-2.023810000000000053e-01,5.000000000000000000e-01,3.729999999999999716e+01
0.000000000000000000e+00,-2.000000000000000111e-01,-6.744189999999999907e-01,-3.804350000000000231e-01,-3.098949999999999760e-01,-5.952380000000000171e-02,3.333329999999999904e-01,2.030000000000000071e+01
-1.000000000000000000e+00,1.000000000000000000e+00,1.000000000000000000e+00,9.456520000000000481e-01,5.945559999999999734e-01,-7.619050000000000544e-01,-1.000000000000000000e+00,1.400000000000000000e+01
0.000000000000000000e+00,-5.999999999999999778e-01,-7.260980000000000212e-01,-6.739129999999999843e-01,-4.907850000000000268e-01,1.904760000000000064e-01,-6.666670000000000096e-01,2.200000000000000000e+01
1.000000000000000000e+00,-5.999999999999999778e-01,-9.483200000000000518e-01,-9.347830000000000306e-01,-7.890559999999999796e-01,3.571429999999999882e-01,3.333329999999999904e-01,3.279999999999999716e+01
-1.000000000000000000e+00,1.000000000000000000e+00,8.656329999999999858e-01,7.608700000000000463e-01,7.125040000000000262e-01,-6.428570000000000118e-01,-6.666670000000000096e-01,1.100000000000000000e+01
-1.000000000000000000e+00,1.000000000000000000e+00,9.948320000000000496e-01,8.913039999999999852e-01,5.542949999999999822e-01,-8.809519999999999573e-01,-1.000000000000000000e+00,1.400000000000000000e+01
-1.000000000000000000e+00,2.000000000000000111e-01,-1.886299999999999921e-01,-3.586960000000000148e-01,3.544089999999999741e-02,-1.071430000000000021e-01,-8.333329999999999904e-01,1.600000000000000000e+01
-1.000000000000000000e+00,-5.999999999999999778e-01,-8.087860000000000049e-01,-7.391299999999999537e-01,-6.954919999999999991e-01,-1.785710000000000075e-01,5.000000000000000000e-01,3.450000000000000000e+01
0.000000000000000000e+00,-5.999999999999999778e-01,-7.519379999999999953e-01,-6.195650000000000324e-01,-6.557979999999999920e-01,5.952380000000000171e-02,0.000000000000000000e+00,2.500000000000000000e+01
-1.000000000000000000e+00,-5.999999999999999778e-01,-6.279069999999999929e-01,-5.978259999999999685e-01,-4.182020000000000182e-01,7.142859999999999487e-02,-1.666670000000000096e-01,2.300000000000000000e+01
-1.000000000000000000e+00,1.000000000000000000e+00,2.919900000000000273e-01,1.304349999999999954e-01,4.879499999999999948e-01,-2.261900000000000022e-01,-5.000000000000000000e-01,1.400000000000000000e+01
0.000000000000000000e+00,-5.999999999999999778e-01,-8.501290000000000235e-01,-6.521740000000000315e-01,-8.145729999999999915e-01,-2.261900000000000022e-01,1.666670000000000096e-01,2.900000000000000000e+01
1.000000000000000000e+00,-5.999999999999999778e-01,-7.674419999999999575e-01,-4.673910000000000009e-01,-6.229090000000000460e-01,-1.071430000000000021e-01,-6.666670000000000096e-01,2.400000000000000000e+01
-1.000000000000000000e+00,1.000000000000000000e+00,2.919900000000000273e-01,-3.260869999999999741e-02,2.571590000000000265e-01,-1.428570000000000118e-01,5.000000000000000000e-01,1.819999999999999929e+01
-1.000000000000000000e+00,1.000000000000000000e+00,7.157620000000000093e-01,1.304349999999999954e-01,9.189110000000000333e-01,-2.857140000000000235e-01,-5.000000000000000000e-01,1.100000000000000000e+01
-1.000000000000000000e+00,2.000000000000000111e-01,-1.524550000000000072e-01,-4.130429999999999935e-01,-3.331439999999999957e-01,-1.666670000000000096e-01,-5.000000000000000000e-01,1.800000000000000000e+01
1.000000000000000000e+00,-5.999999999999999778e-01,-8.501290000000000235e-01,-7.717389999999999528e-01,-6.983270000000000310e-01,1.904760000000000064e-01,6.666670000000000096e-01,3.379999999999999716e+01
-1.000000000000000000e+00,2.000000000000000111e-01,-1.886299999999999921e-01,-4.130429999999999935e-01,1.556559999999999888e-01,1.547620000000000107e-01,0.000000000000000000e+00,2.000000000000000000e+01
-1.000000000000000000e+00,2.000000000000000111e-01,-4.573639999999999928e-01,-3.043480000000000074e-01,-3.694359999999999866e-01,-4.523809999999999776e-01,8.333329999999999904e-01,2.350000000000000000e+01
-1.000000000000000000e+00,-5.999999999999999778e-01,-6.279069999999999929e-01,-7.173910000000000009e-01,-5.491920000000000135e-01,3.095240000000000213e-01,-8.333329999999999904e-01,2.200000000000000000e+01
0.000000000000000000e+00,-5.999999999999999778e-01,-8.449609999999999621e-01,-5.978259999999999685e-01,-6.563649999999999762e-01,1.190480000000000010e-02,-3.333329999999999904e-01,2.900000000000000000e+01
0.000000000000000000e+00,-5.999999999999999778e-01,-8.501290000000000235e-01,-9.130430000000000490e-01,-6.365180000000000282e-01,8.452380000000000448e-01,-6.666670000000000096e-01,2.300000000000000000e+01
1.000000000000000000e+00,-5.999999999999999778e-01,-7.674419999999999575e-01,-4.673910000000000009e-01,-5.696059999999999457e-01,-1.666670000000000096e-01,-1.000000000000000000e+00,2.400000000000000000e+01
0.000000000000000000e+00,-5.999999999999999778e-01,-7.984499999999999931e-01,-5.652169999999999694e-01,-5.174370000000000358e-01,-1.071430000000000021e-01,0.000000000000000000e+00,2.800000000000000000e+01
-1.000000000000000000e+00,1.000000000000000000e+00,7.157620000000000093e-01,3.478260000000000240e-01,7.765809999999999658e-01,-5.238099999999999978e-01,-8.333329999999999904e-01,1.300000000000000000e+01
1.000000000000000000e+00,-5.999999999999999778e-01,-9.431519999999999904e-01,-7.717389999999999528e-01,-8.089030000000000387e-01,3.095240000000000213e-01,-3.333329999999999904e-01,3.100000000000000000e+01
0.000000000000000000e+00,-5.999999999999999778e-01,-7.260980000000000212e-01,-2.826089999999999991e-01,-2.514890000000000181e-01,-2.261900000000000022e-01,-6.666670000000000096e-01,1.800000000000000000e+01
-1.000000000000000000e+00,1.000000000000000000e+00,4.573639999999999928e-01,-1.413040000000000129e-01,2.968529999999999780e-01,1.190480000000000010e-01,5.000000000000000000e-01,2.300000000000000000e+01
0.000000000000000000e+00,-5.999999999999999778e-01,-8.087860000000000049e-01,-6.956520000000000481e-01,-7.918910000000000116e-01,-1.309520000000000128e-01,1.000000000000000000e+00,3.600000000000000000e+01
-1.000000000000000000e+00,1.000000000000000000e+00,4.573639999999999928e-01,4.565219999999999834e-01,5.690389999999999615e-01,-5.119050000000000544e-01,0.000000000000000000e+00,1.650000000000000000e+01
-1.000000000000000000e+00,1.000000000000000000e+00,8.656329999999999858e-01,6.521740000000000315e-01,5.469239999999999657e-01,-7.619050000000000544e-01,-1.000000000000000000e+00,1.500000000000000000e+01
1.000000000000000000e+00,-5.999999999999999778e-01,-8.449609999999999621e-01,-7.608700000000000463e-01,-7.039980000000000127e-01,2.380950000000000080e-02,3.333329999999999904e-01,2.950000000000000000e+01
-1.000000000000000000e+00,1.000000000000000000e+00,4.625319999999999987e-01,1.086960000000000010e-01,7.261130000000000084e-01,-3.452379999999999893e-01,-1.666670000000000096e-01,1.400000000000000000e+01
-1.000000000000000000e+00,-5.999999999999999778e-01,-7.209299999999999597e-01,-6.304349999999999676e-01,-5.248089999999999700e-01,1.190480000000000010e-02,-3.333329999999999904e-01,2.600000000000000000e+01
0.000000000000000000e+00,-5.999999999999999778e-01,-7.571059999999999457e-01,-4.673910000000000009e-01,-3.870140000000000247e-01,-1.666670000000000096e-01,-1.666670000000000096e-01,2.300000000000000000e+01
-1.000000000000000000e+00,1.000000000000000000e+00,6.640829999999999789e-01,5.652169999999999694e-01,2.685000000000000164e-01,-9.404759999999999787e-01,-1.000000000000000000e+00,1.500000000000000000e+01
-1.000000000000000000e+00,1.000000000000000000e+00,7.157620000000000093e-01,1.000000000000000000e+00,5.111989999999999590e-01,-8.214289999999999647e-01,-5.000000000000000000e-01,1.600000000000000000e+01
-1.000000000000000000e+00,2.000000000000000111e-01,-5.943149999999999822e-02,-4.130429999999999935e-01,2.293729999999999936e-01,7.142859999999999487e-02,-3.333329999999999904e-01,1.600000000000000000e+01
0.000000000000000000e+00,-5.999999999999999778e-01,-7.260980000000000212e-01,-3.043480000000000074e-01,-4.062939999999999885e-01,-2.857140000000000235e-01,-5.000000000000000000e-01,2.400000000000000000e+01
-1.000000000000000000e+00,2.000000000000000111e-01,-1.576230000000000131e-01,-3.043480000000000074e-01,2.183159999999999962e-02,-7.142859999999999487e-02,8.333329999999999904e-01,2.239999999999999858e+01
-1.000000000000000000e+00,2.000000000000000111e-01,-1.524550000000000072e-01,-5.217389999999999528e-01,-9.441449999999999843e-02,9.523810000000000608e-02,3.333329999999999904e-01,1.939999999999999858e+01
0.000000000000000000e+00,-5.999999999999999778e-01,-7.260980000000000212e-01,-2.500000000000000000e-01,-3.297419999999999796e-01,-8.333329999999999904e-02,3.333329999999999904e-01,2.160000000000000142e+01
-1.000000000000000000e+00,1.000000000000000000e+00,4.573639999999999928e-01,1.847830000000000028e-01,6.382189999999999808e-01,-3.452379999999999893e-01,-6.666670000000000096e-01,1.300000000000000000e+01
-1.000000000000000000e+00,-5.999999999999999778e-01,-8.449609999999999621e-01,-7.391299999999999537e-01,-7.096679999999999655e-01,1.071430000000000021e-01,1.000000000000000000e+00,3.600000000000000000e+01
-1.000000000000000000e+00,1.000000000000000000e+00,4.573639999999999928e-01,7.608700000000000185e-02,3.847459999999999769e-01,-5.238099999999999978e-01,0.000000000000000000e+00,1.300000000000000000e+01
1.000000000000000000e+00,2.000000000000000111e-01,-5.452200000000000379e-01,-3.260870000000000157e-01,-2.531900000000000261e-01,-1.071430000000000021e-01,0.000000000000000000e+00,1.900000000000000000e+01
0.000000000000000000e+00,-5.999999999999999778e-01,-8.501290000000000235e-01,-6.521740000000000315e-01,-6.739439999999999875e-01,-7.142859999999999487e-02,6.666670000000000096e-01,3.429999999999999716e+01
1.000000000000000000e+00,-5.999999999999999778e-01,-9.121449999999999836e-01,-7.391299999999999537e-01,-7.862209999999999477e-01,7.142859999999999487e-02,0.000000000000000000e+00,3.200000000000000000e+01
1.000000000000000000e+00,-5.999999999999999778e-01,-6.589150000000000285e-01,-4.673910000000000009e-01,-4.885169999999999790e-01,-1.904760000000000064e-01,3.333329999999999904e-01,2.110000000000000142e+01
-1.000000000000000000e+00,1.000000000000000000e+00,4.573639999999999928e-01,2.934780000000000166e-01,4.720730000000000204e-01,-5.238099999999999978e-01,-8.333329999999999904e-01,1.400000000000000000e+01
1.000000000000000000e+00,-5.999999999999999778e-01,-9.793279999999999763e-01,-7.500000000000000000e-01,-1.000000000000000000e+00,1.904760000000000064e-01,-8.333329999999999904e-01,3.500000000000000000e+01
-1.000000000000000000e+00,-5.999999999999999778e-01,-6.537469999999999670e-01,-5.869569999999999510e-01,-5.622340000000000115e-01,-4.166670000000000096e-01,8.333329999999999904e-01,3.000000000000000000e+01
-1.000000000000000000e+00,2.000000000000000111e-01,-4.573639999999999928e-01,-2.500000000000000000e-01,-4.431530000000000191e-01,-6.071429999999999882e-01,5.000000000000000000e-01,2.880000000000000071e+01
0.000000000000000000e+00,-5.999999999999999778e-01,-8.449609999999999621e-01,-5.217389999999999528e-01,-6.302809999999999802e-01,-1.071430000000000021e-01,-5.000000000000000000e-01,2.600000000000000000e+01
1.000000000000000000e+00,-5.999999999999999778e-01,-9.069770000000000332e-01,-7.934780000000000166e-01,-7.697760000000000158e-01,-2.220449999999999921e-16,6.666670000000000096e-01,3.720000000000000284e+01
1.000000000000000000e+00,-5.999999999999999778e-01,-9.069770000000000332e-01,-7.934780000000000166e-01,-7.181739999999999791e-01,1.785710000000000075e-01,6.666670000000000096e-01,4.660000000000000142e+01
0.000000000000000000e+00,-5.999999999999999778e-01,-8.139530000000000376e-01,-4.673910000000000009e-01,-5.679049999999999931e-01,1.309520000000000128e-01,-1.000000000000000000e+00,2.500000000000000000e+01
-1.000000000000000000e+00,1.000000000000000000e+00,9.224809999999999954e-01,8.369569999999999510e-01,7.703430000000000000e-01,-6.428570000000000118e-01,-5.000000000000000000e-01,1.300000000000000000e+01
1.000000000000000000e+00,-5.999999999999999778e-01,-7.364340000000000330e-01,-4.456519999999999926e-01,-6.104340000000000321e-01,-2.023810000000000053e-01,3.333329999999999904e-01,2.719999999999999929e+01
-1.000000000000000000e+00,1.000000000000000000e+00,2.919900000000000273e-01,1.304349999999999954e-01,3.373969999999999747e-02,-6.428570000000000118e-01,-1.000000000000000000e+00,1.800000000000000000e+01
-1.000000000000000000e+00,2.000000000000000111e-01,-1.886299999999999921e-01,-4.130429999999999935e-01,1.437479999999999869e-01,1.547620000000000107e-01,1.666670000000000096e-01,1.900000000000000000e+01
0.000000000000000000e+00,-5.999999999999999778e-01,-5.968989999999999574e-01,-7.717389999999999528e-01,-7.173240000000000172e-02,6.428570000000000118e-01,6.666670000000000096e-01,3.000000000000000000e+01
-1.000000000000000000e+00,1.000000000000000000e+00,2.919900000000000273e-01,1.304349999999999954e-01,4.301110000000000211e-01,-3.452379999999999893e-01,-6.666670000000000096e-01,1.500000000000000000e+01
-1.000000000000000000e+00,-5.999999999999999778e-01,-8.087860000000000049e-01,-6.847830000000000306e-01,-6.501280000000000392e-01,-2.261900000000000022e-01,3.333329999999999904e-01,3.089999999999999858e+01
0.000000000000000000e+00,-5.999999999999999778e-01,-8.501290000000000235e-01,-6.521740000000000315e-01,-6.728100000000000191e-01,-2.738099999999999978e-01,1.666670000000000096e-01,3.050000000000000000e+01
-1.000000000000000000e+00,2.000000000000000111e-01,-5.943149999999999822e-02,-4.130429999999999935e-01,-2.693510000000000001e-02,-1.071430000000000021e-01,-8.333329999999999904e-01,1.700000000000000000e+01
0.000000000000000000e+00,-5.999999999999999778e-01,-7.519379999999999953e-01,-5.217389999999999528e-01,-7.108020000000000449e-01,-2.857140000000000235e-01,-8.333329999999999904e-01,2.800000000000000000e+01
1.000000000000000000e+00,-5.999999999999999778e-01,-7.364340000000000330e-01,-4.130429999999999935e-01,-4.318119999999999736e-01,-1.904760000000000064e-01,8.333329999999999904e-01,3.289999999999999858e+01
1.000000000000000000e+00,-5.999999999999999778e-01,-7.312659999999999716e-01,-6.956520000000000481e-01,-4.204709999999999837e-01,2.261900000000000022e-01,8.333329999999999904e-01,3.160000000000000142e+01
1.000000000000000000e+00,-5.999999999999999778e-01,-8.501290000000000235e-01,-5.000000000000000000e-01,-6.172379999999999534e-01,7.142859999999999487e-02,-6.666670000000000096e-01,2.800000000000000000e+01
0.000000000000000000e+00,-5.999999999999999778e-01,-7.260980000000000212e-01,-2.717390000000000083e-01,-6.478589999999999627e-01,-4.642859999999999765e-01,-1.000000000000000000e+00,2.600000000000000000e+01
-1.000000000000000000e+00,2.000000000000000111e-01,-1.808790000000000051e-02,-3.043480000000000074e-01,-2.350440000000000029e-01,-3.452379999999999893e-01,-8.333329999999999904e-01,1.800000000000000000e+01
-1.000000000000000000e+00,2.000000000000000111e-01,-5.943149999999999822e-02,-5.434780000000000166e-01,-1.346749999999999892e-01,-2.261900000000000022e-01,-8.333329999999999904e-01,1.800000000000000000e+01
-1.000000000000000000e+00,2.000000000000000111e-01,-5.943149999999999822e-02,-3.586960000000000148e-01,2.951520000000000254e-01,2.500000000000000000e-01,-1.666670000000000096e-01,1.600000000000000000e+01
-1.000000000000000000e+00,2.000000000000000111e-01,-1.886299999999999921e-01,-4.130429999999999935e-01,3.033740000000000048e-02,9.523810000000000608e-02,3.333329999999999904e-01,2.050000000000000000e+01
1.000000000000000000e+00,-5.999999999999999778e-01,-8.501290000000000235e-01,-6.847830000000000306e-01,-6.926569999999999672e-01,-2.220449999999999921e-16,0.000000000000000000e+00,2.800000000000000000e+01
-1.000000000000000000e+00,1.000000000000000000e+00,5.090440000000000520e-01,3.478260000000000240e-01,7.244119999999999449e-01,-4.047620000000000107e-01,-5.000000000000000000e-01,1.300000000000000000e+01
-1.000000000000000000e+00,2.000000000000000111e-01,-3.178289999999999726e-01,-4.673910000000000009e-01,-1.256019999999999914e-01,2.142860000000000043e-01,3.333329999999999904e-01,2.050000000000000000e+01
-1.000000000000000000e+00,1.000000000000000000e+00,4.625319999999999987e-01,1.630429999999999935e-01,4.267079999999999762e-01,-4.047620000000000107e-01,-6.666670000000000096e-01,1.400000000000000000e+01
-1.000000000000000000e+00,-5.999999999999999778e-01,-5.452200000000000379e-01,-5.000000000000000000e-01,-4.289760000000000240e-01,-2.380950000000000011e-01,8.333329999999999904e-01,2.580000000000000071e+01
1.000000000000000000e+00,-5.999999999999999778e-01,-7.932820000000000427e-01,-4.891300000000000092e-01,-5.588319999999999954e-01,-1.071430000000000021e-01,-3.333329999999999904e-01,2.600000000000000000e+01
-1.000000000000000000e+00,2.000000000000000111e-01,-5.943149999999999822e-02,-4.130429999999999935e-01,-2.296569999999999862e-02,7.142859999999999487e-02,-3.333329999999999904e-01,1.500000000000000000e+01
-1.000000000000000000e+00,2.000000000000000111e-01,-5.943149999999999822e-02,-4.347829999999999750e-01,8.420750000000000457e-02,3.095240000000000213e-01,1.666670000000000096e-01,1.850000000000000000e+01
-1.000000000000000000e+00,1.000000000000000000e+00,2.919900000000000273e-01,1.304349999999999954e-01,2.271050000000000013e-01,-4.642859999999999765e-01,-5.000000000000000000e-01,1.500000000000000000e+01
0.000000000000000000e+00,-5.999999999999999778e-01,-8.501290000000000235e-01,-9.347830000000000306e-01,-7.068330000000000446e-01,9.761900000000000022e-01,1.000000000000000000e+00,4.400000000000000000e+01
-1.000000000000000000e+00,-5.999999999999999778e-01,-8.863050000000000095e-01,-6.847830000000000306e-01,-7.096679999999999655e-01,-2.261900000000000022e-01,-3.333329999999999904e-01,2.800000000000000000e+01
0.000000000000000000e+00,-2.000000000000000111e-01,-7.260980000000000212e-01,-7.717389999999999528e-01,-2.418490000000000084e-01,4.166670000000000096e-01,6.666670000000000096e-01,3.639999999999999858e+01
-1.000000000000000000e+00,-5.999999999999999778e-01,-5.710589999999999833e-01,-5.217389999999999528e-01,-3.637650000000000050e-01,1.904760000000000064e-01,1.000000000000000000e+00,2.700000000000000000e+01
-1.000000000000000000e+00,2.000000000000000111e-01,-5.503879999999999884e-01,-3.369570000000000065e-01,-5.129000000000000226e-01,-2.857140000000000235e-01,-5.000000000000000000e-01,2.100000000000000000e+01
-1.000000000000000000e+00,-5.999999999999999778e-01,-5.710589999999999833e-01,-5.217389999999999528e-01,-4.652680000000000149e-01,-3.809520000000000128e-01,5.000000000000000000e-01,3.350000000000000000e+01
-1.000000000000000000e+00,-5.999999999999999778e-01,-7.209299999999999597e-01,-5.760870000000000157e-01,-6.047630000000000505e-01,2.500000000000000000e-01,-5.000000000000000000e-01,1.900000000000000000e+01
0.000000000000000000e+00,-5.999999999999999778e-01,-7.260980000000000212e-01,-2.500000000000000000e-01,-4.000569999999999959e-01,-3.452379999999999893e-01,-1.666670000000000096e-01,2.500000000000000000e+01
1.000000000000000000e+00,-5.999999999999999778e-01,-8.914729999999999599e-01,-8.478259999999999685e-01,-7.986959999999999615e-01,2.857140000000000235e-01,6.666670000000000096e-01,3.810000000000000142e+01
-1.000000000000000000e+00,2.000000000000000111e-01,-1.886299999999999921e-01,-5.217389999999999528e-01,2.551739999999999824e-03,2.738099999999999978e-01,6.666670000000000096e-01,1.910000000000000142e+01
-1.000000000000000000e+00,1.000000000000000000e+00,-7.751939999999999699e-03,-3.043480000000000074e-01,3.875819999999999821e-01,3.095240000000000213e-01,1.666670000000000096e-01,1.700000000000000000e+01
-1.000000000000000000e+00,2.000000000000000111e-01,-1.576230000000000131e-01,-3.586960000000000148e-01,8.987810000000000243e-02,3.333329999999999904e-01,3.333329999999999904e-01,1.919999999999999929e+01
-1.000000000000000000e+00,2.000000000000000111e-01,-1.524550000000000072e-01,-4.130429999999999935e-01,-5.018430000000000113e-02,-1.071430000000000021e-01,-8.333329999999999904e-01,1.800000000000000000e+01
1.000000000000000000e+00,-5.999999999999999778e-01,-7.364340000000000330e-01,-4.456519999999999926e-01,-4.715059999999999807e-01,7.142859999999999487e-02,-1.666670000000000096e-01,2.400000000000000000e+01
-1.000000000000000000e+00,1.000000000000000000e+00,4.573639999999999928e-01,2.934780000000000166e-01,5.089310000000000223e-01,-5.238099999999999978e-01,-6.666670000000000096e-01,1.300000000000000000e+01
-1.000000000000000000e+00,1.000000000000000000e+00,2.919900000000000273e-01,1.304349999999999954e-01,1.275869999999999956e-02,-6.428570000000000118e-01,-5.000000000000000000e-01,1.500000000000000000e+01
1.000000000000000000e+00,2.000000000000000111e-01,-5.968989999999999574e-01,-1.956519999999999926e-01,-2.531900000000000261e-01,-3.095240000000000213e-01,8.333329999999999904e-01,2.419999999999999929e+01
-1.000000000000000000e+00,1.000000000000000000e+00,4.625319999999999987e-01,2.173910000000000009e-01,5.593989999999999796e-01,-4.047620000000000107e-01,-5.000000000000000000e-01,1.300000000000000000e+01
-1.000000000000000000e+00,-5.999999999999999778e-01,-8.449609999999999621e-01,-7.826089999999999991e-01,-8.939610000000000056e-01,-2.380950000000000011e-01,3.333329999999999904e-01,3.610000000000000142e+01
-1.000000000000000000e+00,1.000000000000000000e+00,5.090440000000000520e-01,4.021739999999999760e-01,2.520560000000000023e-01,-6.428570000000000118e-01,-5.000000000000000000e-01,1.300000000000000000e+01
-1.000000000000000000e+00,2.000000000000000111e-01,-1.808790000000000051e-02,-4.673910000000000009e-01,-1.040539999999999937e-01,1.666670000000000096e-01,0.000000000000000000e+00,1.750000000000000000e+01
1.000000000000000000e+00,-5.999999999999999778e-01,-9.328170000000000073e-01,-8.478259999999999685e-01,-9.166429999999999856e-01,-3.571429999999999744e-02,8.333329999999999904e-01,3.510000000000000142e+01
1.000000000000000000e+00,-5.999999999999999778e-01,-7.932820000000000427e-01,-6.847830000000000306e-01,-6.302809999999999802e-01,-1.428570000000000118e-01,6.666670000000000096e-01,3.220000000000000284e+01
0.000000000000000000e+00,-5.999999999999999778e-01,-7.312659999999999716e-01,-5.543479999999999519e-01,-2.254039999999999933e-01,3.690479999999999872e-01,-6.666670000000000096e-01,2.100000000000000000e+01
-1.000000000000000000e+00,-5.999999999999999778e-01,-6.279069999999999929e-01,-5.434780000000000166e-01,-2.758720000000000061e-01,1.071430000000000021e-01,5.000000000000000000e-01,2.230000000000000071e+01
-1.000000000000000000e+00,1.000000000000000000e+00,7.157620000000000093e-01,1.304349999999999954e-01,6.166709999999999692e-01,-5.238099999999999978e-01,-5.000000000000000000e-01,1.300000000000000000e+01
-1.000000000000000000e+00,-5.999999999999999778e-01,-5.710589999999999833e-01,-5.760870000000000157e-01,-2.957190000000000096e-01,1.428570000000000118e-01,3.333329999999999904e-01,2.380000000000000071e+01
-1.000000000000000000e+00,2.000000000000000111e-01,-1.524550000000000072e-01,-4.130429999999999935e-01,-2.622630000000000239e-01,-4.761900000000000160e-02,-1.666670000000000096e-01,2.000000000000000000e+01
-1.000000000000000000e+00,-5.999999999999999778e-01,-6.537469999999999670e-01,-5.869569999999999510e-01,-4.828470000000000262e-01,-4.761900000000000160e-02,1.000000000000000000e+00,2.900000000000000000e+01
-1.000000000000000000e+00,1.000000000000000000e+00,4.573639999999999928e-01,1.847830000000000028e-01,5.576980000000000270e-01,-1.785710000000000075e-01,5.000000000000000000e-01,1.689999999999999858e+01
-1.000000000000000000e+00,2.000000000000000111e-01,-3.178289999999999726e-01,-5.434780000000000166e-01,-1.794729999999999936e-01,8.333329999999999904e-02,8.333329999999999904e-01,2.019999999999999929e+01
0.000000000000000000e+00,2.000000000000000111e-01,-5.090440000000000520e-01,-1.413040000000000129e-01,-1.341080000000000050e-01,-3.333329999999999904e-01,3.333329999999999904e-01,1.700000000000000000e+01
-1.000000000000000000e+00,-5.999999999999999778e-01,-8.087860000000000049e-01,-7.391299999999999537e-01,-6.671390000000000375e-01,-3.809520000000000128e-01,5.000000000000000000e-01,3.420000000000000284e+01
-1.000000000000000000e+00,1.000000000000000000e+00,4.625319999999999987e-01,1.195650000000000046e-01,5.435210000000000319e-01,-2.261900000000000022e-01,1.666670000000000096e-01,1.600000000000000000e+01
-1.000000000000000000e+00,2.000000000000000111e-01,-5.943149999999999822e-02,-5.434780000000000166e-01,-2.015879999999999894e-01,1.190480000000000010e-02,-5.000000000000000000e-01,1.800000000000000000e+01
0.000000000000000000e+00,-5.999999999999999778e-01,-9.431519999999999904e-01,-8.695650000000000324e-01,-8.797850000000000392e-01,2.619049999999999989e-01,1.666670000000000096e-01,3.600000000000000000e+01
-1.000000000000000000e+00,2.000000000000000111e-01,-5.943149999999999822e-02,-4.130429999999999935e-01,-5.358659999999999812e-02,-1.666670000000000096e-01,-8.333329999999999904e-01,1.900000000000000000e+01
-1.000000000000000000e+00,1.000000000000000000e+00,2.919900000000000273e-01,1.304349999999999954e-01,6.359510000000000440e-01,-2.261900000000000022e-01,-1.666670000000000096e-01,1.600000000000000000e+01
-1.000000000000000000e+00,-5.999999999999999778e-01,-6.279069999999999929e-01,-5.434780000000000166e-01,-2.872129999999999961e-01,2.023810000000000053e-01,6.666670000000000096e-01,2.639999999999999858e+01
1.000000000000000000e+00,-1.000000000000000000e+00,-9.896639999999999882e-01,-4.130429999999999935e-01,-5.423869999999999525e-01,-4.642859999999999765e-01,6.666670000000000096e-01,2.369999999999999929e+01
-1.000000000000000000e+00,-5.999999999999999778e-01,-7.312659999999999716e-01,-6.413039999999999852e-01,-4.261409999999999920e-01,2.619049999999999989e-01,1.000000000000000000e+00,2.800000000000000000e+01
-1.000000000000000000e+00,2.000000000000000111e-01,-1.524550000000000072e-01,-4.130429999999999935e-01,-4.210380000000000233e-01,-4.047620000000000107e-01,-8.333329999999999904e-01,1.900000000000000000e+01
0.000000000000000000e+00,-5.999999999999999778e-01,-7.519379999999999953e-01,-6.847830000000000306e-01,-6.909549999999999859e-01,-1.071430000000000021e-01,-5.000000000000000000e-01,2.400000000000000000e+01
