   0.59763    0.27520    0.28498    0.32390    0.19584    0.25703   -0.40067
   0.53977   -0.20341   -0.18128   -0.13135   -0.32581    0.09376   -0.43818
   0.91654   -0.09844   -0.04982   -0.02552   -0.20076   -0.97689   -0.38335
   0.22305   -0.07235   -0.06847   -0.00076   -0.21509    0.17783   -0.39260
   0.14402    0.22066    0.20364    0.29176    0.10850    0.72689   -0.64014
  -0.83709   -0.32762   -0.42753   -0.28006   -0.51218   -0.09742   -0.51552
   0.29475   -0.31166   -0.30788   -0.23464   -0.50076    0.12017   -0.35648
   0.11595   -0.39875   -0.41931   -0.33643   -0.57558    0.57802   -0.56563
   0.05745   -0.10478   -0.14746   -0.06264   -0.29382    0.53207   -0.69116
   0.08267   -0.15281   -0.14530   -0.10181   -0.30071   -0.22873   -0.53002
   0.38328   -0.02539   -0.00695    0.04047   -0.15772    0.70295   -0.67515
   0.17933   -0.19264   -0.24448   -0.12318   -0.37821    0.59072   -0.43501
  -0.91322    0.65656    0.67587    0.72899    0.62226    0.54635   -0.67204
   0.04919   -0.34580   -0.30705   -0.28144   -0.48914   -0.11893   -0.41980
  -0.13309    0.21913    0.20092    0.26485    0.12254   -0.21105   -0.96330
   0.72071   -0.02242   -0.00888    0.05535   -0.16834    0.29654   -0.44351
   0.29461    0.71359    0.72006    0.75902    0.67571    0.56301   -0.57523
  -0.16355   -0.12116   -0.16043   -0.04565   -0.31927   -0.01188   -0.64979
   0.78341   -0.06549   -0.09028   -0.03869   -0.20605   -0.03643   -0.43338
   0.67983    0.01352    0.01303    0.09043   -0.11767    0.44939   -0.48051
   0.24924    0.10486    0.10003    0.17558   -0.00475    0.37171   -0.56250
   0.22393    0.19190    0.17884    0.24394    0.06394    0.60863   -0.65171
   0.12523   -0.18544   -0.27753   -0.13471   -0.40093    0.52438   -0.67423
   0.29263   -0.38303   -0.37195   -0.35769   -0.53022   -0.79418   -0.65011
  -0.10841   -0.12624   -0.11635   -0.05266   -0.25394    0.71328   -0.60349
   0.67831   -0.42977   -0.51642   -0.41042   -0.65306    0.25504   -0.70430
   0.08152   -0.25882   -0.26890   -0.16752   -0.47898    0.09187   -0.42325
   0.84443   -0.15718   -0.14582   -0.11111   -0.26771   -0.79961   -0.59303
  -0.35396    0.07575    0.06769    0.14946   -0.02079   -0.06661   -0.67194
   0.02555    0.23265    0.21559    0.26657    0.12919    0.56381   -0.77436
  -0.17345   -0.27909   -0.34136   -0.21131   -0.48231    0.43027   -0.35746
  -0.08612    0.14923    0.08526    0.21411    0.01744    0.50771   -0.75843
   0.96929   -0.30214   -0.27629   -0.25155   -0.45923   -0.79791   -0.60717
   0.43516    0.49283    0.49398    0.51902    0.41376    0.82253   -0.58606
  -0.06928   -0.11500   -0.12938   -0.03053   -0.31074    0.15678   -0.53281
   0.15755   -0.22756   -0.28869   -0.16777   -0.43089    0.52286   -0.52880
  -0.13715   -0.25298   -0.32475   -0.18580   -0.45416    0.42696   -0.33785
   0.15207    0.27473    0.29094    0.34880    0.22234    0.18527   -0.47207
  -0.08843   -0.06926   -0.13416    0.00512   -0.24268    0.36966   -0.92130
  -0.45972   -0.08337   -0.10795   -0.06480   -0.22094   -0.52690   -0.89257
   0.18997    0.01845    0.00794    0.09530   -0.09698    0.22755   -0.39963
  -0.36898    0.06745    0.05088    0.12734   -0.06558    0.34553   -0.68730
   0.15180    0.20122    0.24829    0.25155    0.12937   -0.86922   -0.55719
  -0.44467   -0.11964   -0.15415   -0.04120   -0.26191   -0.00805   -0.70467
  -0.56924    0.02831    0.01377    0.08855   -0.10623    0.46962   -0.73472
   0.64969   -0.20688   -0.17983   -0.12606   -0.36371    0.39945   -0.27756
  -0.01990   -0.13103   -0.27108   -0.07836   -0.37403    0.40402   -0.63232
  -0.01885   -0.09298   -0.08319   -0.02991   -0.19944   -0.19652   -0.55427
  -0.38437   -0.05953   -0.12773   -0.00486   -0.23128    0.14679   -0.53219
   0.02912   -0.18632   -0.25714   -0.10602   -0.39647    0.20813   -0.36407
   0.39734   -0.10460   -0.08130   -0.04104   -0.24594    0.00389   -0.49609
   0.67679   -0.17778   -0.18060   -0.10780   -0.33838   -0.00902   -0.26641
  -0.05848   -0.16818   -0.26557   -0.10157   -0.37000    0.42675   -0.72135
  -0.56833    0.21652    0.21661    0.26559    0.09869    0.36339   -0.69556
   0.45451    0.29590    0.30874    0.33231    0.20139    0.80217   -0.46054
   0.13054   -0.32306   -0.30521   -0.23656   -0.48983   -0.11970   -0.28788
   0.33529   -0.13037   -0.12182   -0.06480   -0.24320    0.30088   -0.55452
   0.77012   -0.41829   -0.44704   -0.45494   -0.63311   -0.18117   -0.61593
   0.16581   -0.16445   -0.19225   -0.08898   -0.32456    0.15709   -0.46268
   0.65654   -0.30835   -0.31773   -0.23250   -0.52121   -0.02647   -0.30511
  -0.25371   -0.18428   -0.20978   -0.11455   -0.34596    0.11526   -0.49295
   0.48357    0.29949    0.29706    0.32821    0.19520    0.79145   -0.45559
   0.96990    0.14518    0.17686    0.21024    0.06059   -0.91353   -0.41918
   0.56347   -0.05965   -0.05420    0.02029   -0.20062    0.33166   -0.44188
  -0.07120   -0.10693   -0.18265   -0.04434   -0.28757    0.39839   -0.82407
   0.64993   -0.25779   -0.25589   -0.16877   -0.44437    0.41662   -0.35315
  -0.57729    0.03832   -0.05616    0.09865   -0.09814    0.15217   -0.53496
  -0.45630   -0.15095   -0.21101   -0.06857   -0.33751    0.21535   -0.36887
   0.12666    0.19509    0.19313    0.24986    0.09828    0.36042   -0.67913
  -0.39534    0.08167    0.01002    0.11346   -0.08201    0.37922   -0.88444
   0.18038    0.31686    0.30428    0.36817    0.22302    0.04075   -0.69921
   0.51052    0.02630    0.04054    0.07617   -0.09344    0.80578   -0.55975
   0.13213    0.04535    0.02926    0.12009   -0.06382    0.45918   -0.62630
   0.16507    0.00746   -0.02059    0.07156   -0.12829    0.42574   -0.64569
   0.33011   -0.67684   -0.62424   -0.66401   -0.84705   -0.47987   -0.14133
   0.29916    0.01722    0.04268    0.06024   -0.09696   -0.09115   -0.56525
  -0.54680   -0.34903   -0.36656   -0.28006   -0.52999   -0.13529   -0.58651
   0.46550    0.08842    0.09467    0.15009   -0.04159    0.71724   -0.54959
   0.53898    0.17910    0.20008    0.23785    0.11828    0.27160   -0.35372
  -0.69232    0.24480    0.25013    0.32378    0.12726    0.50168   -0.66949
   0.40821    0.35450    0.37749    0.42056    0.31120    0.51850   -0.54762
  -0.31801    0.28496    0.30245    0.33055    0.23171   -0.04231   -0.70939
  -0.55289    0.29890    0.29245    0.32333    0.18574    0.24125   -0.93859
   0.08574    0.07648    0.04875    0.16037   -0.04596    0.24714   -0.46970
   0.91924   -0.28227   -0.23666   -0.22508   -0.41535   -0.51286   -0.18358
  -0.19868    0.00246   -0.06070    0.07287   -0.18017    0.61335   -0.85525
   0.44565   -0.18245   -0.14965   -0.10906   -0.28874   -0.52217   -0.46955
   0.11514   -0.35982   -0.31655   -0.27792   -0.53879   -0.61140   -0.25911
   0.41504    0.11835    0.13774    0.18215    0.03054    0.19024   -0.46415
   0.33942    0.18726    0.17662    0.25974    0.07036    0.61624   -0.73626
   0.22169   -0.11369   -0.09120   -0.04054   -0.23727    0.05362   -0.47435
  -0.27357   -0.03931   -0.05322    0.02754   -0.20597    0.07965   -0.65818
  -0.18597   -0.08326   -0.13899   -0.01734   -0.28235    0.24767   -0.56382
  -0.30821   -0.19037   -0.24094   -0.14147   -0.35448    0.44320   -0.81578
   0.29548    0.07417    0.07582    0.14961   -0.03013    0.20158   -0.50320
   0.87087   -0.20897   -0.22430   -0.13997   -0.32065   -0.20830   -0.31185
   0.95955   -0.15283   -0.16307   -0.07172   -0.31614   -0.01615   -0.26763
  -0.46634   -0.41776   -0.48068   -0.39394   -0.61849   -0.30391   -0.72937
   0.02093    0.02654    0.05550    0.05373   -0.05924    0.68812   -0.68412
   0.14432   -0.07437   -0.11956   -0.00210   -0.22261    0.35944   -0.62607
  -0.38545   -0.29152   -0.39935   -0.25090   -0.47785    0.47174   -0.71315
  -0.61555    0.30888    0.29431    0.30942    0.18719    0.47904   -0.81406
  -0.56092   -0.12628   -0.16925   -0.09323   -0.30457    0.48203   -0.72411
   0.81706    0.16949    0.17643    0.19128    0.05218    0.29374   -0.59265
   0.53985   -0.09138   -0.08689   -0.03128   -0.23968    0.19404   -0.37210
   0.34625   -0.35594   -0.30221   -0.28902   -0.47010   -0.55313   -0.15948
   0.84360   -0.19795   -0.17835   -0.11548   -0.35656    0.23485   -0.27164
  -0.78237    0.14360    0.15933    0.21150    0.06013    0.54189   -0.62460
   0.35975    0.05761    0.05030    0.10643   -0.08338    0.64582   -0.86735
   0.25957    0.20034    0.21062    0.26775    0.11717    0.41298   -0.56998
  -0.01818   -0.11202   -0.12204   -0.04701   -0.27777    0.02480   -0.62448
   0.37097   -0.19678   -0.12796   -0.12845   -0.32364    0.89074   -0.25016
  -0.42420   -0.09996   -0.14065   -0.03234   -0.28205    0.11597   -0.45421
  -0.14985   -0.03532   -0.04610    0.03265   -0.16701    0.46354   -0.61896
   0.30867    0.78004    0.74517    0.64921    0.69565    0.77603   -1.12144
   0.10459   -0.21270   -0.21242   -0.13230   -0.37189    0.02218   -0.51948
   0.04893    0.08208   -0.00154    0.14190   -0.07045    0.46526   -0.75603
   0.23731   -0.34855   -0.32191   -0.27762   -0.50946   -0.18205   -0.36014
   0.38969    0.03675    0.05222    0.10529   -0.05774    0.41665   -0.54855
   0.79649   -0.42863   -0.39142   -0.36244   -0.59838   -0.61911   -0.32894
   0.41435    0.30869    0.31472    0.35386    0.21191    0.76518   -0.55117
  -0.24953   -0.16324   -0.17455   -0.11648   -0.35328   -0.38906   -0.43147
  -0.14230   -0.01016   -0.07002    0.02253   -0.19310    0.45127   -0.74449
   0.99482   -0.18801   -0.23691   -0.16181   -0.37379   -0.13843   -0.71341
   0.30636   -0.15264   -0.12649   -0.09595   -0.23224   -0.43386   -0.58756
  -0.17235    0.34801    0.30026    0.40168    0.25061    0.49202   -0.87597
  -0.52326    0.01584   -0.00016    0.08590   -0.13534    0.22351   -0.62384
   0.88971   -0.14503   -0.11425   -0.07026   -0.23607    0.16009   -0.28829
  -0.18303    0.14020    0.07557    0.18793    0.04103    0.38692   -1.01350
  -0.58664   -0.10657   -0.13513   -0.04058   -0.25272    0.43462   -0.66900
   0.00852   -0.04567   -0.12692   -0.01260   -0.20366    0.64606   -0.82929
  -0.14164    0.30703    0.24809    0.35576    0.20767    0.52061   -0.93133
   0.29474    0.28076    0.28547    0.34181    0.16606    0.62060   -0.75971
   0.26565   -0.09814   -0.08930   -0.02944   -0.20944   -0.48034   -0.49324
  -0.02023    0.02054   -0.07762    0.05688   -0.15476    0.43261   -0.65439
  -0.16212    0.47831    0.49800    0.52036    0.41489   -0.37973   -0.63853
  -0.51073   -0.15155   -0.19322   -0.08774   -0.30460    0.50449   -0.69663
  -0.17105   -0.25440   -0.27958   -0.17401   -0.44602    0.10547   -0.45626
   0.99097   -0.29718   -0.27675   -0.23333   -0.43541   -0.30307   -0.30791
   0.22503   -0.01269   -0.02825    0.04871   -0.13750    0.37950   -0.58827
   0.78116   -0.35500   -0.33270   -0.29178   -0.51897   -0.72448   -0.33536
   0.23361    0.20242    0.22155    0.27152    0.12313    0.46951   -0.48306
   0.44403    0.19071    0.18977    0.24851    0.06142    0.60900   -0.60691
   0.01400   -0.11844   -0.19636   -0.06794   -0.28374    0.63106   -0.64766
   0.26596    0.05407    0.07642    0.11586   -0.07388   -0.92948   -0.59532
  -0.61898    0.12512    0.07148    0.15712    0.04258    0.15726   -0.65619
  -0.07644   -0.11519   -0.15994   -0.03565   -0.27847    0.27723   -0.56709
   0.34083    0.41699    0.41837    0.47545    0.33716    0.53505   -0.52545
   0.00672    0.25733    0.25286    0.27881    0.16728    0.69333   -0.83427
   0.32007    0.02803    0.00881    0.07751   -0.11465    0.66563   -0.82833
   0.17039   -0.07514   -0.10622   -0.02987   -0.24184    0.54449   -0.58400
   0.45919    0.27473    0.30141    0.33066    0.18663   -0.94725   -0.48942
   0.28770    0.05067    0.06009    0.12472   -0.07031    0.42916   -0.60679
   0.95898   -0.05079   -0.03935    0.00614   -0.14142   -0.26695   -0.45632
   0.24430    0.06376    0.05972    0.13021   -0.04896    0.53862   -0.62004
   0.21487    0.05055    0.05269    0.11878   -0.04563    0.35778   -0.47175
   0.77026   -0.25126   -0.25205   -0.20247   -0.42979   -0.09092   -0.35888
  -0.30494    0.32885    0.30224    0.33822    0.21525    0.48908   -1.06027
  -0.54641   -0.32543   -0.33572   -0.28175   -0.41039   -0.16324   -0.80658
   0.79735   -0.34675   -0.36020   -0.27868   -0.53582   -0.23087   -0.28657
   0.76659   -0.15161   -0.13343   -0.09809   -0.29018   -0.60628   -0.45809
   0.72651   -0.51431   -0.50332   -0.46022   -0.71285   -0.26767   -0.19355
   0.00682    0.13908    0.14064    0.20195    0.03752    0.25443   -0.61542
  -0.17560    0.41298    0.38202    0.45990    0.33096    0.47860   -0.94547
   0.47415   -0.17860   -0.17631   -0.11654   -0.34052   -0.04696   -0.45669
  -0.12326   -0.00685   -0.04874    0.04830   -0.13213    0.33422   -0.73404
   0.26452   -0.15059   -0.13892   -0.07629   -0.31464    0.08311   -0.56291
   0.50014    0.11558    0.11486    0.16017   -0.01616    0.75886   -0.49431
   0.84873   -0.43302   -0.38759   -0.37856   -0.60146   -0.50671   -0.13330
   0.18578   -0.16702   -0.19931   -0.10135   -0.34896    0.52469   -0.55617
   0.07574   -0.38598   -0.35418   -0.31385   -0.57031   -0.54818   -0.18149
   0.05773   -0.03272   -0.05097    0.04187   -0.19329    0.11746   -0.62182
   0.93893    0.10717    0.13495    0.17162    0.02384   -0.98945   -0.52477
   0.59398   -0.08472   -0.07473   -0.01629   -0.20578    0.08230   -0.32991
   0.23554    0.14775    0.18203    0.22472    0.08845    0.33242   -0.51885
   0.17008    0.45719    0.46523    0.49903    0.42220    0.68353   -0.69892
   0.50511    0.15921    0.19499    0.22380    0.12604   -0.38448   -0.63544
   0.01782   -0.38172   -0.34362   -0.32686   -0.54944   -0.39323   -0.26398
  -0.04910   -0.27500   -0.33802   -0.23226   -0.42764    0.34488   -0.64418
  -0.49594   -0.03513   -0.08630    0.03339   -0.18326    0.35615   -0.57183
   0.59762   -0.41225   -0.40013   -0.34543   -0.62094   -0.09546   -0.18818
   0.28848   -0.29932   -0.28877   -0.22283   -0.47863   -0.01223   -0.42286
  -0.34698    0.04754    0.00400    0.10460   -0.10241    0.35755   -0.68669
  -0.02420   -0.18520   -0.21636   -0.10437   -0.40854    0.15958   -0.64007
  -0.05657    0.02827   -0.03273    0.04721   -0.13957    0.60980   -0.96546
  -0.02484   -0.24875   -0.31901   -0.24856   -0.38518    0.67058   -0.74801
  -0.43991   -0.34586   -0.41229   -0.30274   -0.54866    0.50063   -0.54998
  -0.05465    0.00404   -0.04082    0.07510   -0.14956    0.26920   -0.64166
  -0.05812    0.00583    0.00589    0.09855   -0.15506    0.12646   -0.34685
   0.05617   -0.38822   -0.36361   -0.33189   -0.54474   -0.66957   -0.40840
   0.58455   -0.21312   -0.17808   -0.15480   -0.31890   -0.41556   -0.48478
   0.66792   -0.39559   -0.36747   -0.32946   -0.55598   -0.72535   -0.18828
  -0.72785   -0.31862   -0.44766   -0.27446   -0.52245   -0.11234   -0.44728
   0.51572   -0.14844   -0.12938   -0.09093   -0.28081    0.04381   -0.41889
   0.03440    0.13584    0.11765    0.18048    0.01898    0.22026   -0.58824
  -0.53641   -0.05129   -0.08187    0.03248   -0.22146    0.34437   -0.51262
  -0.51085   -0.28124   -0.38642   -0.25715   -0.47879    0.46687   -0.84284
   0.23416    0.53644    0.54369    0.58578    0.48749    0.41080   -0.61319
   0.59464   -0.13162   -0.11224   -0.05165   -0.25533    0.10802   -0.33888
   0.03261   -0.13949   -0.24248   -0.07399   -0.35963    0.40991   -0.65640
  -0.02295    0.08632    0.03386    0.12267   -0.03839    0.68110   -0.69371
   0.13402   -0.05452   -0.03324    0.01110   -0.16255    0.03838   -0.61213
  -0.10813   -0.33213   -0.41062   -0.25473   -0.52414    0.36941   -0.84271
   0.51231   -0.40800   -0.37519   -0.35698   -0.56306   -0.30214   -0.41440
   0.02617   -0.00505    0.01971    0.03284   -0.12540   -0.42127   -0.50253
   0.62349   -0.25801   -0.24585   -0.18903   -0.45841   -0.05545   -0.25809
   0.17444   -0.33648   -0.30835   -0.25340   -0.51228   -0.08093   -0.30981
   0.19269   -0.25041   -0.27761   -0.18617   -0.45619    0.53760   -0.52178
  -0.00403   -0.16568   -0.20530   -0.08855   -0.37293    0.12091   -0.45063
   0.16305   -0.47924   -0.44400   -0.41168   -0.66902   -0.20608   -0.32719
   0.76887   -0.37537   -0.35000   -0.31110   -0.54306   -0.23364   -0.27798
   0.20274   -0.12131   -0.09435   -0.04904   -0.26042   -0.01462   -0.54093
   0.20017   -0.27468   -0.25076   -0.19232   -0.44939   -0.10058   -0.40881
   0.84361   -0.03143   -0.03161    0.01424   -0.15493   -0.10721   -0.52992
   0.37950    0.51161    0.50075    0.55956    0.47238    0.30171   -0.54775
  -0.66573   -0.07304   -0.14615   -0.00923   -0.23145   -0.05069   -0.90613
   0.39794   -0.28132   -0.27221   -0.23120   -0.46967   -0.25054   -0.53294
  -0.22232    0.04569    0.01008    0.11532   -0.07672    0.54158   -0.80432
  -0.28392   -0.30066   -0.34283   -0.22668   -0.43696   -0.13505   -0.68036
   0.25937    0.03676    0.06998    0.09915   -0.03449    0.33385   -0.47321
  -0.30286    0.15685    0.10759    0.20863    0.00960    0.34442   -0.87865
  -0.54662   -0.15244   -0.21559   -0.08128   -0.31107   -0.02478   -0.65500
   0.80199   -0.34036   -0.31509   -0.26419   -0.52005   -0.44084   -0.34596
   0.24316   -0.44011   -0.36437   -0.36585   -0.55919   -0.33909   -0.25339
   0.07658   -0.33586   -0.29706   -0.26349   -0.49316   -0.11954   -0.37100
  -0.07862   -0.07954   -0.15125   -0.00881   -0.27285    0.16973   -0.64851
  -0.06895    0.11265    0.11034    0.18284    0.01614    0.33986   -0.70093
  -0.06698   -0.19837   -0.26689   -0.14687   -0.40526    0.68901   -0.87844
   0.75039   -0.11419   -0.09552   -0.06227   -0.22870   -0.87846   -0.55807
  -0.03559   -0.21081   -0.26088   -0.16213   -0.38056    0.23789   -0.59176
   0.21145   -0.14049   -0.11462   -0.08231   -0.30673   -0.06132   -0.48882
   0.95967   -0.19627   -0.16410   -0.15403   -0.32980   -0.37947   -0.29215
   0.36727   -0.15151   -0.11644   -0.08336   -0.28485    0.06729   -0.33017
  -0.53702    0.37374    0.37106    0.42226    0.27394    0.30333   -0.63044
   0.57852   -0.26110   -0.23530   -0.19147   -0.36710   -0.30530   -0.48918
  -0.00678    0.14714    0.10718    0.12903    0.00030    0.29771   -1.11021
  -0.07049    0.09872    0.03579    0.13123   -0.05362    0.36820   -0.89065
   0.20682   -0.15254   -0.15754   -0.08092   -0.29915    0.08544   -0.46272
  -0.18928    0.11671    0.05646    0.18713   -0.01710    0.37526   -1.03387
   0.32650    0.03913    0.04351    0.09782   -0.06780    0.35781   -0.58518
  -0.75199    0.10172    0.09994    0.15585   -0.03072    0.52183   -0.69712
   0.66810    0.23469    0.23258    0.30057    0.14598    0.21767   -0.35891
   0.08392    0.04798    0.01418    0.12747   -0.06797    0.36118   -0.76767
  -0.30032    0.05311    0.01071    0.11167   -0.08001    0.58720   -0.83970
  -0.51443   -0.07893   -0.15373   -0.02295   -0.26726    0.41282   -0.95992
   0.01916   -0.33208   -0.29113   -0.26293   -0.45010   -0.19068   -0.44757
  -0.00316    0.01238   -0.07327    0.07911   -0.13991    0.48833   -0.71480
   0.74970   -0.15087   -0.14474   -0.07021   -0.33429    0.12547   -0.28119
   0.06103   -0.15897   -0.29394   -0.10227   -0.35986    0.45409   -0.47949
   0.12370   -0.13334   -0.17376   -0.05342   -0.29038    0.15590   -0.46436
   0.08858   -0.09352   -0.16274   -0.03445   -0.24727    0.65601   -0.87145
   0.33216    0.26035    0.23501    0.24870    0.12438    0.63940   -0.72988
   0.16508    0.27433    0.25573    0.31877    0.19107    0.40211   -0.72667
  -0.45670   -0.03061   -0.07014    0.04541   -0.19294    0.08343   -0.60149
   0.08308    0.14822    0.16565    0.21374    0.05379   -0.07664   -0.59512
  -0.01779   -0.11202   -0.21686   -0.07138   -0.30833    0.63798   -0.63937
   0.54778    0.07016    0.09051    0.13619   -0.03894    0.23278   -0.37699
   0.01651    0.15988    0.08809    0.14099    0.00445    0.54841   -1.06958
  -0.33301   -0.10975   -0.13416   -0.04459   -0.24833    0.43638   -0.76831
  -0.47386   -0.17223   -0.22137   -0.11350   -0.36315    0.48410   -0.97920
  -0.02195    0.04752    0.00518    0.10940   -0.11779    0.19487   -0.64497
  -0.25796    0.18730    0.14530    0.20885    0.03585    0.54885   -1.07354
   0.01993    0.07585    0.03745    0.14382   -0.03781    0.59444   -0.76543
   0.56515   -0.02665   -0.01805    0.03978   -0.13878    0.04815   -0.37463
  -0.40432   -0.11723   -0.12639   -0.05453   -0.29831   -0.41783   -0.52711
  -0.31533   -0.23941   -0.27313   -0.16278   -0.37872   -0.07967   -0.64180
  -0.27619   -0.14266   -0.17121   -0.07026   -0.28531    0.05950   -0.62329
  -0.48077   -0.14325   -0.21581   -0.09279   -0.31308    0.44819   -0.75169
  -0.11228    0.05646    0.02854    0.11964   -0.10114   -0.00161   -0.68746
  -0.23192    0.02046   -0.04939    0.02439   -0.16045    0.18801   -0.66002
  -0.51904   -0.21443   -0.27566   -0.14561   -0.40721    0.18404   -0.25830
   0.35234    0.61816    0.64547    0.61583    0.63107    0.78297   -0.57530
  -0.22655   -0.03300   -0.07421    0.01116   -0.16831    0.16049   -0.77077
  -0.45392   -0.10676   -0.15172   -0.02832   -0.27415    0.11870   -0.47063
  -0.70193   -0.31358   -0.36630   -0.25906   -0.48230   -0.05317   -0.45813
  -0.18682    0.34157    0.34706    0.38217    0.26618    0.33102   -0.75942
   0.52630    0.00932    0.03108    0.07915   -0.11985   -0.58207   -0.34411
   0.18561   -0.14864   -0.13803   -0.11505   -0.25562   -0.92954   -0.59576
   0.04921   -0.15331   -0.13888   -0.07143   -0.31362    0.00630   -0.60933
  -0.07214    0.50264    0.52438    0.55842    0.46920   -0.00076   -0.59488
   0.44492    0.13223    0.13797    0.18239    0.01615    0.78734   -0.50017
   0.03630    0.16842    0.13582    0.23557    0.05277    0.52301   -0.76191
   0.05999   -0.27234   -0.29020   -0.21131   -0.45464   -0.31927   -0.40591
   0.78647   -0.34922   -0.30429   -0.28710   -0.50384   -0.77695   -0.35163
   0.06823   -0.13073   -0.16505   -0.06311   -0.26827    0.56187   -0.74458
   0.10087    0.11223    0.07744    0.16908   -0.03171    0.59297   -0.81714
   0.99510   -0.26102   -0.25144   -0.18307   -0.42306   -0.03038   -0.30363
   0.83921    0.20567    0.22134    0.22810    0.12781   -0.04706   -0.40234
   0.19356    0.09100    0.08233    0.09963   -0.04618   -0.89836   -0.89212
  -0.20144    0.00125   -0.00054    0.03452   -0.14531   -0.12329   -0.89273
  -0.05154   -0.17295   -0.20840   -0.10198   -0.34573    0.70562   -0.73745
  -0.57021   -0.04286   -0.09175    0.00780   -0.16569   -0.01715   -0.77920
   0.64214   -0.31694   -0.28844   -0.24271   -0.43711   -0.30534   -0.38455
  -0.43630   -0.17839   -0.25451   -0.12481   -0.34565    0.46923   -0.84124
   0.16407   -0.37314   -0.34649   -0.29227   -0.53547   -0.16147   -0.37922
   0.13679   -0.28032   -0.31558   -0.21785   -0.45476    0.37376   -0.59851
   0.25310   -0.11733   -0.11394   -0.04706   -0.23670    0.20039   -0.46612
   0.43385   -0.06542   -0.05464   -0.00961   -0.19503    0.16915   -0.48027
   0.84882    0.17757    0.20457    0.20557    0.08789   -0.63601   -0.47763
  -0.02568    0.12053    0.05326    0.19181   -0.00115    0.56643   -0.82535
  -0.02126    0.03509   -0.00013    0.11112   -0.10237    0.25680   -0.60185
  -0.28919    0.22653    0.19837    0.29478    0.12624    0.50447   -0.81687
   0.37653    0.38010    0.37951    0.41666    0.26662    0.71741   -0.59098
   0.36597    0.37946    0.38911    0.44370    0.31985    0.53567   -0.61331
   0.16098    0.17037    0.15927    0.15612    0.04329    0.02236   -0.62139
  -0.14955    0.11546    0.11001    0.18588   -0.01021   -0.03621   -0.59114
  -0.11609   -0.20470   -0.29463   -0.15745   -0.40662    0.37841   -0.61487
   0.34152   -0.09279   -0.09625   -0.05547   -0.23124    0.68025   -0.70764
   0.38145    0.15728    0.19391    0.22984    0.12052    0.52093   -0.50032
  -0.41618   -0.10514   -0.15517   -0.02370   -0.27792    0.25535   -0.54127
   0.32655   -0.04807   -0.03744    0.01467   -0.17334    0.44566   -0.54795
   0.56551    0.23775    0.25814    0.28371    0.15692   -0.03059   -0.41544
   0.39552    0.20161    0.21283    0.19807    0.11148    0.15296   -0.39414
   0.55647    0.12886    0.14418    0.17146    0.00294    0.80837   -0.56218
   0.98268   -0.09043   -0.07868   -0.05368   -0.19816   -0.50108   -0.43794
   0.40974    0.20659    0.19021    0.24077    0.10170    0.84534   -0.50875
   0.01159   -0.16488   -0.25279   -0.09169   -0.37353    0.19282   -0.41921
   0.99654   -0.26158   -0.23785   -0.18987   -0.43839   -0.72515   -0.31858
  -0.35806   -0.03204   -0.03099    0.02147   -0.16428   -0.44011   -0.57357
  -0.25437    0.30420    0.32549    0.37518    0.26252    0.42016   -0.78608
   0.02231   -0.32016   -0.29096   -0.25380   -0.47949   -0.15681   -0.43428
   0.12062   -0.03749   -0.01371    0.02577   -0.15680   -0.43621   -0.54096
   0.05670   -0.17662   -0.15022   -0.10990   -0.30053   -0.09961   -0.50440
  -0.21174   -0.16382   -0.24822   -0.09764   -0.32869    0.40463   -0.71426
   0.20997    0.34666    0.33945    0.38653    0.26727    0.75180   -0.62986
  -0.31072   -0.06961   -0.14115   -0.00348   -0.26749    0.36961   -0.68515
   0.89368   -0.22361   -0.24683   -0.14664   -0.42431    0.01907   -0.36637
  -0.41223   -0.18474   -0.23710   -0.10466   -0.34650    0.13424   -0.48118
   0.15727    0.06645    0.05458    0.15157   -0.05174    0.33327   -0.55189
   0.37280    0.02802    0.02817    0.10068   -0.08874    0.37099   -0.60188
  -0.51236   -0.42500   -0.44300   -0.36269   -0.56624   -0.16316   -0.54165
  -0.33158   -0.06682   -0.14859   -0.01417   -0.23397    0.39686   -0.90126
  -0.21415   -0.00348   -0.05960    0.06600   -0.15770    0.28528   -0.63667
   0.04162   -0.07539   -0.10359   -0.00930   -0.21740    0.23539   -0.47910
   0.14656   -0.08572   -0.09255   -0.01154   -0.20759    0.27675   -0.45960
   0.19663    0.00549   -0.01846    0.05351   -0.12200    0.63781   -0.77857
   0.47291    0.14945    0.17653    0.19226    0.03869    0.82404   -0.45942
   0.22055   -0.39302   -0.33835   -0.34477   -0.53529   -0.86822   -0.30170
   0.76177   -0.19155   -0.18247   -0.11480   -0.36199    0.38546   -0.21006
  -0.35246    0.10324    0.08790    0.16396    0.01972   -0.26475   -0.81852
   0.09156   -0.13879   -0.23475   -0.09060   -0.32584    0.46583   -0.65362
  -0.28859    0.02095   -0.04084    0.07229   -0.11014    0.42655   -0.94545
  -0.26867    0.54453    0.54006    0.53704    0.49278    0.40455   -0.80426
   0.64573   -0.17620   -0.15388   -0.13360   -0.30895   -0.89197   -0.49525
   0.08859    0.12767    0.12111    0.13244    0.04337    0.61334   -0.76873
   0.67991    0.22842    0.27335    0.30489    0.18847    0.10706   -0.29907
   0.41829    0.39823    0.41001    0.44477    0.36836    0.26448   -0.60823
  -0.26514   -0.08480   -0.14018   -0.04299   -0.24177    0.16463   -0.76187
   0.31764    0.02363    0.02924    0.08755   -0.07947    0.28599   -0.43421
   0.09979   -0.03558   -0.04991   -0.00513   -0.13456    0.59547   -0.76370
   0.53993   -0.14056   -0.12143   -0.08015   -0.26008    0.04418   -0.50452
   0.01459   -0.13099   -0.16472   -0.06499   -0.28799    0.28432   -0.57171
   0.31413    0.24493    0.26644    0.27681    0.14664   -0.98877   -0.51063
   0.32808   -0.05127   -0.02696    0.01619   -0.16472   -0.13757   -0.59376
   0.47461    0.40979    0.40826    0.42198    0.34317    0.40785   -0.48156
  -0.17483    0.03741    0.01688    0.10978   -0.09053    0.38091   -0.83731
   0.63249    0.12323    0.10829    0.16088    0.00486    0.22683   -0.29408
   0.00338   -0.24965   -0.26935   -0.20653   -0.42966    0.27697   -0.71449
  -0.23554    0.22997    0.22938    0.27098    0.13339    0.63776   -0.83992
   0.24286    0.05810    0.03602    0.11734   -0.07081    0.55449   -0.70815
   0.78192    0.23114    0.27082    0.28509    0.19396   -0.83298   -0.52619
  -0.10686    0.12363    0.14810    0.19717    0.01224   -0.62993   -0.72243
  -0.28240   -0.30729   -0.32598   -0.24184   -0.46940   -0.11641   -0.48491
  -0.26822    0.05783   -0.01213    0.07156   -0.12406    0.17795   -0.68079
   0.29987   -0.13292   -0.12322   -0.07310   -0.26313   -0.04318   -0.60237
   0.84083   -0.05864   -0.04616    0.02141   -0.23970    0.05645   -0.26282
  -0.57112    0.07825    0.05502    0.14390   -0.01969    0.17700   -0.46239
  -0.04574   -0.04339   -0.11273    0.03397   -0.23455    0.50930   -0.45718
   0.17384    0.01046    0.00491    0.09965   -0.12515    0.31628   -0.44442
  -0.28358   -0.22864   -0.28432   -0.19062   -0.39108   -0.18995   -0.72679
   0.25121   -0.29823   -0.30375   -0.22611   -0.46883    0.18260   -0.38064
   0.48584   -0.03310   -0.02379    0.02138   -0.14384   -0.01046   -0.51121
  -0.53776    0.17478    0.09175    0.22606    0.02541    0.13834   -0.51907
  -0.03065   -0.03860   -0.05796   -0.03313   -0.15694   -0.88888   -0.78873
   0.57436   -0.03938   -0.04107    0.02899   -0.18670    0.72309   -0.52821
  -0.47320   -0.34568   -0.37738   -0.29659   -0.49201   -0.21626   -0.58541
   0.23618   -0.17207   -0.16160   -0.09769   -0.32887   -0.00349   -0.37696
  -0.01793    0.01943   -0.06474    0.06931   -0.15591    0.41587   -0.73557
  -0.28355   -0.18590   -0.22511   -0.12060   -0.37560    0.23446   -0.44649
  -0.07562    0.43384    0.42262    0.46717    0.36819    0.56981   -0.81782
   0.15839   -0.06530   -0.01709   -0.04324   -0.09402    0.65778   -0.58847
   0.50860    0.49984    0.51183    0.53305    0.43796    0.69671   -0.55193
  -0.20257    0.16908    0.16593    0.22823    0.04788    0.09770   -0.58232
   0.16367   -0.06577   -0.00144   -0.00767   -0.10031   -0.83694   -0.67209
  -0.19354   -0.14107   -0.21642   -0.10978   -0.33950    0.16662   -0.67169
   0.59307   -0.04780   -0.03082    0.01228   -0.20783    0.83145   -0.52502
   0.09226   -0.10827   -0.11685   -0.06297   -0.17235    0.60111   -0.64096
   0.69628   -0.22679   -0.19386   -0.15776   -0.39017   -0.46280   -0.29567
  -0.31576   -0.44531   -0.55589   -0.40184   -0.63823    0.47026   -0.42231
   0.82961   -0.04377   -0.06116    0.00383   -0.16017   -0.23822   -0.59078
   0.64012    0.07075    0.10077    0.14236   -0.08434    0.97321   -0.36598
   0.44437    0.36179    0.37098    0.40042    0.29948    0.36701   -0.48721
   0.41425    0.06203    0.07300    0.13351   -0.05920    0.40008   -0.57430
  -0.35490    0.71395    0.71943    0.74404    0.70521   -0.03031   -0.75887
  -0.91855    0.20806    0.23504    0.26958    0.16213    0.51287   -0.67629
  -0.09837    0.18744    0.14662    0.25275    0.07106    0.53151   -0.75150
  -0.07428   -0.16458   -0.18408   -0.08174   -0.36994    0.14161   -0.45642
  -0.10866    0.18083    0.16315    0.24488    0.07235    0.42368   -0.70213
  -0.52215   -0.07844   -0.09845    0.00476   -0.22902   -0.08000   -0.52422
  -0.43714   -0.04003   -0.09664    0.03168   -0.19311    0.06281   -0.75459
   0.26992   -0.35116   -0.32060   -0.27883   -0.52671   -0.18087   -0.40155
  -0.00048   -0.05179   -0.04519    0.03126   -0.18898    0.09652   -0.41630
   0.15439    0.18864    0.16143    0.24643    0.05287    0.45682   -0.59965
   0.03397    0.27490    0.29709    0.34237    0.23641    0.64753   -0.58170
   0.27272    0.56405    0.59087    0.61161    0.55691    0.72588   -0.57005
   0.25327   -0.57542   -0.57169   -0.53503   -0.75636   -0.71882   -0.39954
  -0.41298   -0.29841   -0.39322   -0.26976   -0.54566    0.39148   -0.63418
   0.88309   -0.19248   -0.18838   -0.14583   -0.33220   -0.04402   -0.33543
  -0.48218   -0.07997   -0.14133   -0.02035   -0.25979   -0.03573   -0.79379
   0.62712   -0.07129   -0.05717   -0.01310   -0.20642   -0.08329   -0.32212
   0.59451   -0.39241   -0.36221   -0.32528   -0.64203   -0.07667   -0.18774
   0.70900   -0.47262   -0.41896   -0.43062   -0.61604   -0.85793   -0.26842
  -0.13205   -0.01390   -0.01541    0.06359   -0.10137   -0.17289   -0.63738
  -0.08112   -0.11746   -0.17751   -0.04324   -0.30422    0.48590   -0.54210
   0.04934   -0.20696   -0.18866   -0.14299   -0.34074   -0.07825   -0.46784
   0.48035    0.27694    0.29045    0.33349    0.20745    0.24202   -0.46047
   0.00117   -0.20151   -0.30863   -0.13645   -0.42266    0.36349   -0.59947
   0.48553   -0.09838   -0.07033   -0.03759   -0.21034    0.07719   -0.51746
   0.65421    0.11236    0.14295    0.17553    0.01617    0.36621   -0.45104
  -0.34836    0.00592   -0.05267    0.06671   -0.16717    0.53931   -0.70970
  -0.27370   -0.07946   -0.14057   -0.01485   -0.24246    0.28911   -0.67426
   0.23676   -0.10706   -0.09560   -0.04083   -0.23565    0.08383   -0.45205
   0.10816   -0.10342   -0.10852   -0.03234   -0.25328    0.05583   -0.43838
   0.28990    0.37931    0.39403    0.42175    0.31064    0.67585   -0.78348
   0.67521   -0.49668   -0.51432   -0.49307   -0.75479   -0.20309   -0.48359
  -0.40065    0.33932    0.33858    0.37502    0.25289    0.34321   -0.72513
  -0.55011   -0.13078   -0.19322   -0.07246   -0.33222    0.43987   -0.59730
  -0.17290    0.06370    0.04739    0.13223   -0.09239    0.00605   -0.62339
   0.35786   -0.26678   -0.23936   -0.19889   -0.42687   -0.09176   -0.45751
  -0.23175   -0.04616   -0.11920    0.01752   -0.20392    0.47570   -0.89862
   0.12388   -0.06016   -0.01652    0.00236   -0.18395   -0.87373   -0.42803
   0.74209    0.04591    0.06345    0.11838   -0.08139    0.31957   -0.41480
   0.50106   -0.11733   -0.14334   -0.14076   -0.29868   -0.03722   -0.53553
   0.25387    0.16452    0.16495    0.22481    0.06004    0.16691   -0.48549
  -0.02366   -0.31453   -0.40442   -0.31238   -0.44756    0.64936   -0.63719
   0.57447   -0.08322   -0.12793   -0.10279   -0.28536   -0.55588   -0.56527
  -0.41099   -0.19324   -0.26572   -0.14393   -0.40951    0.36037   -0.22637
   0.30430   -0.07191   -0.05364   -0.00270   -0.18025    0.33046   -0.46839
  -0.37283   -0.24080   -0.33714   -0.18969   -0.41029    0.41217   -0.69832
   0.14467    0.07361    0.06279    0.13141   -0.05886    0.30028   -0.50722
   0.04940   -0.14854   -0.17216   -0.07330   -0.33615    0.54312   -0.40106
   0.06555   -0.18496   -0.23835   -0.13203   -0.36056    0.37959   -0.55520
  -0.25146   -0.06163   -0.15041   -0.00982   -0.20892    0.43123   -0.84689
   0.72259    0.54408    0.56875    0.57962    0.49636   -0.93586   -0.50629
   0.10273   -0.06848   -0.14821   -0.06292   -0.26892    0.44155   -0.86111
   0.22280   -0.07825   -0.07762   -0.02408   -0.20990    0.36916   -0.57993
   0.39665   -0.12294   -0.09721   -0.06655   -0.25140    0.02158   -0.47911
  -0.28903    0.04870   -0.02544    0.03009   -0.12643    0.19860   -0.68790
   0.53831   -0.15437   -0.13246   -0.08061   -0.27361    0.11069   -0.40342
   0.28971   -0.22382   -0.22628   -0.15038   -0.38167    0.14758   -0.50059
  -0.01005    0.05368   -0.03740    0.09758   -0.10096    0.44878   -0.66002
   0.20698    0.21400    0.20589    0.26713    0.13684    0.41514   -0.65409
  -0.61322   -0.09206   -0.10889   -0.01979   -0.18283    0.04382   -0.76050
   0.16066   -0.09867   -0.12739   -0.03513   -0.23532    0.22903   -0.46341
  -0.31710   -0.01400   -0.05032    0.03991   -0.16715    0.09514   -0.65490
  -0.28949    0.28432    0.28370    0.32337    0.22098    0.40844   -0.97707
   0.24391   -0.10123   -0.09371   -0.01701   -0.25265    0.09924   -0.49086
   0.33591    0.61736    0.64117    0.65189    0.61858    0.77166   -0.44253
   0.06048   -0.64243   -0.57973   -0.58629   -0.79463   -0.38880   -0.25206
  -0.44230   -0.22759   -0.32941   -0.17941   -0.47468    0.17255   -0.44959
   0.10895    0.37074    0.39487    0.40529    0.30998   -0.91905   -0.70696
   0.31041    0.76303    0.75772    0.71067    0.71618    0.77995   -0.95308
  -0.17850   -0.19650   -0.25554   -0.12092   -0.40771    0.06558   -0.40590
   0.38249    0.18819    0.20610    0.20315    0.09789    0.87099   -0.54374
  -0.13423    0.05895    0.00222    0.07413   -0.13497   -0.47928   -1.00020
  -0.14965    0.27367    0.28596    0.30872    0.19922   -0.04975   -0.63663
  -0.42670   -0.04900   -0.08769    0.02256   -0.22451    0.21190   -0.52559
   0.04082   -0.18957   -0.21356   -0.12566   -0.37387    0.24888   -0.38938
   0.83965   -0.00605   -0.01206    0.06586   -0.15075    0.00889   -0.42327
  -0.22428    0.16930    0.11937    0.22207    0.06478    0.42738   -0.95385
  -0.35039    0.40629    0.38126    0.41309    0.31185    0.56601   -0.89777
   0.61809   -0.02246   -0.02550    0.04079   -0.16629    0.16135   -0.41114
   0.32357    0.18071    0.16782    0.24569    0.06458    0.58127   -0.73917
  -0.68400   -0.19608   -0.35563   -0.16852   -0.43200   -0.13563   -0.67633
  -0.00577   -0.05607   -0.10289   -0.00200   -0.18568    0.67851   -0.66778
   0.07164    0.06898    0.01406    0.00605   -0.10106    0.13109   -1.35323
   0.99442   -0.36743   -0.36196   -0.28789   -0.55774    0.03589   -0.29230
   0.34377    0.03545    0.06605    0.09636   -0.04195   -0.17045   -0.55696
  -0.12373    0.16708    0.19795    0.21023    0.07544   -0.35529   -0.60009
   0.09137   -0.28061   -0.32251   -0.24460   -0.43703    0.57166   -0.77238
  -0.16662   -0.07048   -0.07947    0.00386   -0.19900   -0.05371   -0.62026
  -0.05749    0.20629    0.17961    0.24709    0.09347    0.47414   -0.77184
   0.34201   -0.12616   -0.10747   -0.06185   -0.23015    0.23234   -0.42567
  -0.24511   -0.09039   -0.13906   -0.03561   -0.22756   -0.22704   -0.74815
   0.13979   -0.15628   -0.17138   -0.07770   -0.31849    0.11785   -0.39789
  -0.28865    0.56673    0.56159    0.61182    0.50352    0.31873   -0.63033
   0.08834    0.32217    0.31760    0.37125    0.24633    0.29447   -0.56442
  -0.32925   -0.00119   -0.02837    0.07404   -0.13771    0.05560   -0.65791
  -0.31258   -0.13956   -0.18772   -0.07770   -0.33186    0.35536   -0.50608
   0.42797   -0.15743   -0.14275   -0.09262   -0.30507   -0.00118   -0.49056
   0.08582   -0.43594   -0.39764   -0.36220   -0.59988   -0.20746   -0.28532
   0.65480    0.18411    0.16011    0.19186    0.04046    0.78561   -0.76601
   0.28603    0.23947    0.22816    0.29078    0.14688    0.68748   -0.79641
   0.11664    0.11871    0.10741    0.17801    0.01951    0.46735   -0.61636
  -0.01309    0.14674    0.05437    0.20423   -0.02107    0.58363   -0.83996
  -0.33796   -0.08790   -0.17844   -0.05030   -0.25874    0.46362   -0.86284
   0.81080   -0.00073    0.01339    0.07481   -0.12838    0.11444   -0.33010
  -0.35306   -0.22226   -0.32475   -0.19025   -0.43725    0.49310   -0.88060
  -0.21381   -0.32784   -0.41534   -0.24960   -0.51527    0.41500   -0.59784
  -0.26993    0.25462    0.21743    0.29327    0.12550    0.35657   -0.87987
   0.26496    0.33808    0.33721    0.35267    0.22705   -0.55633   -0.45969
   0.15601    0.00553   -0.02072    0.06330   -0.12921    0.48039   -0.62905
   0.12561   -0.16673   -0.21193   -0.09428   -0.32349    0.14344   -0.34176
   0.00150    0.04019   -0.02255    0.10138   -0.10533    0.56655   -0.85001
  -0.20695   -0.29222   -0.32475   -0.21905   -0.46811   -0.16858   -0.60687
   0.74084   -0.45662   -0.46329   -0.37673   -0.70542   -0.14581   -0.08445
   0.72351    0.38243    0.42932    0.42927    0.36022   -0.95990   -0.44978
  -0.54921   -0.09155   -0.14126   -0.04438   -0.21723    0.16273   -0.47412
   0.56543   -0.28602   -0.26231   -0.23488   -0.43998   -0.26623   -0.35539
   0.21249   -0.19480   -0.19572   -0.12370   -0.36032    0.13852   -0.43083
  -0.21269    0.19865    0.18759    0.26169    0.09441    0.32012   -0.76216
   0.54918    0.10834    0.10486    0.18583    0.01092    0.44095   -0.52195
  -0.41935   -0.23561   -0.30024   -0.18298   -0.42166    0.16212   -0.38868
  -0.13240   -0.26774   -0.25742   -0.19452   -0.38236   -0.19198   -0.46164
   0.57621    0.36451    0.38841    0.40491    0.27379    0.90387   -0.38558
   0.20016   -0.35481   -0.32151   -0.28393   -0.50284   -0.13990   -0.34031
   0.08891   -0.07471   -0.12519   -0.02571   -0.23563    0.42437   -0.75690
   0.18220   -0.02186   -0.03785    0.03564   -0.16439    0.09594   -0.55180
  -0.32029   -0.07021   -0.09715   -0.00503   -0.15759   -0.09814   -0.69201
  -0.43112   -0.03909   -0.09513    0.01680   -0.21913    0.37199   -0.61711
  -0.22648   -0.26871   -0.30457   -0.19510   -0.40848   -0.13512   -0.71426
   0.10974   -0.06697   -0.07399   -0.00163   -0.15861    0.20282   -0.36418
   0.52909    0.14312    0.18367    0.19615    0.11831    0.29736   -0.27293
   0.03738   -0.21702   -0.23055   -0.13285   -0.34928    0.69377   -0.51061
  -0.21915   -0.15608   -0.17898   -0.08477   -0.30112   -0.10599   -0.61796
   0.42882   -0.07662   -0.06324   -0.01506   -0.19507    0.21181   -0.52304
   0.24892    0.24561    0.23132    0.30329    0.14940    0.64275   -0.79649
   0.53951   -0.15224   -0.15198   -0.08914   -0.28347   -0.01021   -0.35830
  -0.02902    0.05370    0.06019    0.12867   -0.05253   -0.01681   -0.67487
  -0.02461    0.00468   -0.06673    0.04677   -0.15716    0.62009   -0.87073
   0.55453    0.02544    0.02257    0.11210   -0.10908    0.35758   -0.45107
   0.43696   -0.26515   -0.26927   -0.23937   -0.44310   -0.02227   -0.69823
   0.49609   -0.02522   -0.01114    0.04634   -0.15050    0.14393   -0.44736
   0.48773   -0.24454   -0.21296   -0.18434   -0.37411   -0.55213   -0.31104
  -0.58463   -0.17063   -0.19371   -0.25038   -0.43051    0.47849   -1.19668
   0.70327   -0.03782   -0.00919    0.01755   -0.15913   -0.78034   -0.39918
  -0.39004    0.12260    0.10029    0.17983    0.01914   -0.03084   -0.74065
  -0.46539    0.01443   -0.05475    0.04652   -0.13621    0.43779   -1.03039
   0.30520   -0.11219   -0.08860   -0.05143   -0.21493    0.27183   -0.43119
  -0.09827   -0.18476   -0.23885   -0.11573   -0.36848    0.34818   -0.66350
  -0.14213   -0.13153   -0.13573   -0.07429   -0.25484   -0.10851   -0.61809
   0.56515   -0.06714   -0.05665    0.00318   -0.19445    0.06966   -0.30860
   0.21857    0.12379    0.10954    0.17546    0.02522    0.70540   -0.78546
   0.50982    0.48294    0.48245    0.55514    0.44914    0.43141   -0.50799
   0.07209   -0.18831   -0.29619   -0.13067   -0.38838    0.42720   -0.65693
   0.31773   -0.19910   -0.17061   -0.13955   -0.34706    0.01130   -0.50456
   0.12688    0.01591    0.03479    0.08345   -0.08423   -0.10016   -0.49239
   0.74122   -0.34783   -0.41466   -0.26933   -0.58151   -0.11671   -0.21830
   0.12078    0.15243    0.11720    0.22493    0.04753    0.17110   -0.59170
   0.46565   -0.24243   -0.22085   -0.18407   -0.37637   -0.23011   -0.49666
   0.70383   -0.13064   -0.14079   -0.04312   -0.28791    0.44017   -0.37122
   0.69454   -0.08794   -0.11350   -0.01891   -0.22823    0.19129   -0.34820
  -0.09423   -0.58439   -0.57545   -0.53379   -0.79365   -0.27895   -0.28602
   0.24325    0.26975    0.27953    0.33773    0.20978    0.24580   -0.54665
  -0.25343    0.01403   -0.01375    0.07151   -0.15757   -0.01183   -0.75120
  -0.17476    0.05671    0.01252    0.12383   -0.11147    0.04305   -0.72639
  -0.49603   -0.19645   -0.24222   -0.12292   -0.37166    0.02809   -0.53473
   0.08890   -0.29099   -0.36578   -0.24347   -0.46529    0.37432   -0.62277
  -0.56005    0.53465    0.53198    0.57682    0.46536    0.50411   -0.73468
   0.21547   -0.08161   -0.07337   -0.03397   -0.22570    0.02139   -0.55192
   0.61638   -0.66069   -0.61715   -0.62557   -0.88037   -0.58127   -0.07956
  -0.13233   -0.28942   -0.35575   -0.22910   -0.50782    0.69823   -0.69146
  -0.00126    0.02976   -0.03095    0.08401   -0.12093    0.35296   -0.71863
  -0.21009    0.10481    0.02328    0.15409   -0.03783    0.49151   -0.96986
   0.15007   -0.11160   -0.14228   -0.03274   -0.27219    0.26251   -0.42734
   0.03327   -0.16181   -0.22274   -0.09511   -0.29921    0.60438   -0.69172
   0.12656    0.00280    0.02030    0.05748   -0.14028   -0.33621   -0.55352
  -0.25733   -0.43235   -0.42391   -0.37725   -0.63928   -0.44142   -0.25361
  -0.60200   -0.04375   -0.10744   -0.01101   -0.21290   -0.05983   -0.96650
  -0.10357    0.16398    0.10817    0.22834    0.03818    0.50210   -0.71019
   0.12396    0.59581    0.62073    0.63698    0.55597   -0.89824   -0.57624
  -0.45772   -0.06875   -0.11341   -0.02046   -0.21907    0.49476   -0.83163
   0.51295   -0.07260   -0.04563   -0.00106   -0.19112    0.11057   -0.41753
   0.06897    0.59240    0.61680    0.53013    0.55791   -0.94083   -0.79470
   0.12323   -0.04118   -0.11273   -0.11498   -0.16291    0.60212   -1.04565
   0.43778    0.08602    0.11010    0.15869   -0.01189    0.69294   -0.55570
   0.65399    0.01293   -0.00342    0.08720   -0.13567    0.18756   -0.39358
   0.32899   -0.20867   -0.17113   -0.16093   -0.33820   -0.07422   -0.41795
   0.27510   -0.07607   -0.07818   -0.00297   -0.18080    0.21217   -0.56814
  -0.25945    0.27678    0.27408    0.34427    0.19712    0.51747   -0.84322
  -0.48929   -0.15161   -0.20713   -0.07790   -0.34755    0.18083   -0.40071
  -0.60164   -0.44676   -0.48292   -0.38527   -0.66041   -0.13730   -0.16986
  -0.52641    0.00998   -0.08537    0.06393   -0.15048    0.12391   -0.41631
   0.84215   -0.54505   -0.53862   -0.48394   -0.74875   -0.29415   -0.30933
   0.11333    0.13125    0.12900    0.19148    0.03472    0.35383   -0.52591
  -0.19712    0.03979   -0.03809    0.09784   -0.11760    0.55674   -0.95398
  -0.16759    0.15147    0.11488    0.20920    0.04714    0.54351   -0.89591
  -0.06256    0.03329   -0.02153    0.04840   -0.14941    0.50240   -0.73624
   0.07308   -0.25066   -0.26433   -0.17704   -0.40224    0.32288   -0.53594
   0.50304    0.10209    0.12581    0.18236    0.03131    0.39944   -0.39443
  -0.60393    0.08091    0.01033    0.14358   -0.03238    0.12754   -0.41909
  -0.29730   -0.20522   -0.27998   -0.14241   -0.42125    0.21194   -0.44731
   0.03053   -0.22451   -0.29706   -0.16481   -0.39547    0.63379   -0.47294
   0.39414    0.01404    0.01486    0.00846   -0.11399   -0.34700   -0.66571
   0.29900    0.06082    0.05870    0.12368   -0.01381    0.54182   -0.56914
   0.48532   -0.13950   -0.11431   -0.07629   -0.26598    0.09394   -0.51777
  -0.48729   -0.23267   -0.27707   -0.15519   -0.42266    0.49229   -0.64515
   0.53686   -0.25505   -0.25002   -0.19597   -0.43437   -0.14002   -0.28277
   0.48006    0.16502    0.17345    0.20546    0.07251    0.26063   -0.43303
  -0.18734    0.09084    0.03527    0.15783   -0.04223    0.45399   -0.92904
   0.02679   -0.11666   -0.20561   -0.05457   -0.31773    0.35436   -0.55713
   0.50512   -0.16638   -0.14984   -0.10117   -0.32936   -0.66691   -0.36576
   0.81571    0.19792    0.18554    0.24358    0.04393    0.96535   -0.61288
   0.11570   -0.15216   -0.12536   -0.08164   -0.27972   -0.08055   -0.46755
  -0.42662   -0.30543   -0.31117   -0.29376   -0.46365   -0.45185   -0.64114
   0.58960   -0.12969   -0.13654   -0.05964   -0.29487    0.21711   -0.43381
  -0.02118    0.08531    0.02293    0.14938   -0.05223    0.49307   -0.76034
   0.02048   -0.09122   -0.17889   -0.08092   -0.28752    0.61734   -0.80164
  -0.21798   -0.00769   -0.09597    0.01277   -0.19214    0.58438   -0.91017
  -0.21892   -0.14478   -0.20042   -0.10221   -0.35545   -0.00446   -0.78682
  -0.17804   -0.11696   -0.18151   -0.03529   -0.31387    0.40977   -0.61781
   0.63436   -0.22907   -0.19896   -0.16852   -0.36679   -0.81537   -0.32415
   0.34172   -0.13012   -0.11052   -0.05991   -0.27042    0.05927   -0.51912
   0.85779    0.14816    0.15964    0.21011    0.06651   -0.98584   -0.62100
   0.14027    0.63328    0.65301    0.69963    0.62655    0.19347   -0.37609
  -0.02501    0.23761    0.22486    0.28610    0.15001    0.69273   -0.74745
  -0.19559   -0.23208   -0.36045   -0.26589   -0.46567    0.19582   -0.57470
  -0.48910    0.02898    0.00083    0.09043   -0.13770    0.19498   -0.57504
   0.56266    0.12100    0.07526    0.12176   -0.02809    0.39144   -0.67537
   0.02129   -0.21688   -0.26116   -0.14379   -0.41216    0.23980   -0.41332
  -0.18597    0.43992    0.45265    0.48260    0.37419    0.12749   -0.75593
  -0.03210   -0.05359   -0.12302   -0.01049   -0.22556    0.22128   -0.61764
   0.31757   -0.10993   -0.10566   -0.03457   -0.27313    0.10777   -0.51356
   0.44175   -0.18171   -0.18673   -0.15950   -0.34595   -0.04256   -0.65361
   0.02922   -0.12645   -0.23456   -0.05763   -0.35403    0.38827   -0.59930
   0.29498   -0.11532   -0.10967   -0.03824   -0.25001    0.37433   -0.60436
  -0.27834   -0.16492   -0.21493   -0.11399   -0.34818    0.53476   -0.76541
   0.03173   -0.27073   -0.34545   -0.21916   -0.42736    0.66615   -0.76751
   0.20709    0.15032    0.18938    0.19538    0.05047   -0.97180   -0.52934
  -0.01255   -0.11856   -0.18791   -0.07459   -0.29754    0.23402   -0.65273
   0.09001    0.35813    0.35860    0.35983    0.28233    0.40482   -0.75303
  -0.28564   -0.02341   -0.06415    0.03989   -0.17366   -0.00654   -0.74877
   0.62681   -0.22929   -0.23487   -0.15784   -0.42287   -0.01242   -0.33664
  -0.04282    0.18640    0.17967    0.25349    0.09965    0.33428   -0.78452
   0.29950   -0.55110   -0.49670   -0.49706   -0.75260   -0.18155   -0.27701
   0.01875   -0.22612   -0.19602   -0.15121   -0.36622   -0.07623   -0.51639
  -0.23788   -0.05418   -0.11837    0.01749   -0.21559    0.30189   -0.59789
  -0.05341   -0.10063   -0.16365   -0.03214   -0.28137    0.17280   -0.69180
   0.73300   -0.21526   -0.22864   -0.15311   -0.41861    0.25231   -0.28976
  -0.48560    0.11216    0.10751    0.15357    0.01393    0.50956   -0.93743
   0.76154    0.02547    0.05484    0.07362   -0.06846   -0.98168   -0.46873
  -0.52779   -0.47142   -0.54243   -0.41042   -0.69010    0.45994   -0.65075
  -0.26718    0.15124    0.09306    0.22325    0.01557    0.30464   -0.74667
   0.77816   -0.61094   -0.57128   -0.56534   -0.81621   -0.40077   -0.21953
   0.07691   -0.31709   -0.30956   -0.24359   -0.50512    0.00640   -0.48237
   0.81427   -0.13422   -0.10980   -0.05333   -0.30511    0.16733   -0.23014
   0.10157    0.01381    0.00271    0.08497   -0.09467    0.64534   -0.80602
  -0.42012   -0.01875   -0.06685    0.04825   -0.16883   -0.04281   -0.73763
  -0.00799   -0.01656   -0.03039    0.07126   -0.14763    0.26792   -0.56236
  -0.38025    0.08181    0.07982    0.14260   -0.03635   -0.29595   -0.63045
   0.26937   -0.08400   -0.07211   -0.02602   -0.18203    0.24780   -0.57037
   0.32338   -0.20986   -0.20739   -0.13813   -0.33890    0.17639   -0.41717
  -0.45729   -0.09738   -0.16266   -0.04934   -0.26617    0.42641   -0.94323
   0.27095   -0.01185   -0.04051    0.00634   -0.16771    0.11731   -0.71254
   0.29950   -0.37026   -0.34603   -0.31055   -0.53158   -0.15783   -0.44019
  -0.05730    0.10205    0.04929    0.16923   -0.06712    0.48714   -0.70601
   0.38798   -0.19271   -0.19840   -0.11977   -0.34247   -0.04126   -0.46488
  -0.59567    0.02818    0.00669    0.08689   -0.05740    0.19651   -0.47294
   0.41460    0.19593    0.20464    0.26346    0.11226    0.41862   -0.53775
   0.58138    0.00203    0.04825    0.08139   -0.12203    0.87282   -0.34527
  -0.25749   -0.09886   -0.14900   -0.03840   -0.28215    0.24627   -0.63634
   0.09962   -0.48599   -0.42955   -0.42476   -0.63535   -0.41843   -0.14182
  -0.59665   -0.18576   -0.19381   -0.11761   -0.36604    0.37717   -0.40289
   0.82400   -0.26587   -0.26905   -0.20217   -0.44294    0.36488   -0.49269
   0.05742   -0.09622   -0.13693   -0.05249   -0.23171    0.28137   -0.80295
   0.56470    0.06149    0.07472    0.13925   -0.04042    0.11194   -0.36237
  -0.34239    0.04960   -0.00583    0.11038   -0.10546    0.37196   -0.83201
  -0.35584   -0.12647   -0.21493   -0.07923   -0.34611    0.29299   -0.53941
   0.16384   -0.22054   -0.28836   -0.18425   -0.43219    0.53217   -0.55493
   0.26992   -0.14759   -0.11475   -0.08278   -0.26477   -0.16104   -0.54648
   0.10387   -0.22086   -0.20359   -0.14393   -0.38032    0.03812   -0.49084
   0.14577    0.26780    0.30638    0.31699    0.23598    0.65144   -0.85733
  -0.31689   -0.05666   -0.08453    0.00913   -0.17960    0.03361   -0.67533
   0.48349   -0.18977   -0.17622   -0.15357   -0.34720   -0.25489   -0.51504
  -0.13541   -0.22640   -0.30594   -0.16342   -0.42238    0.37116   -0.65525
   0.33208   -0.06875   -0.03927   -0.00073   -0.18552   -0.00774   -0.59279
   0.47282    0.25742    0.25471    0.31122    0.19390    0.28663   -0.44270
   0.06351    0.02775   -0.06111    0.07697   -0.11909    0.48690   -0.60051
  -0.05843   -0.25955   -0.30548   -0.19529   -0.44416    0.28988   -0.65382
   0.53443    0.08044    0.08253    0.16139   -0.04247    0.38045   -0.52795
  -0.28525   -0.17703   -0.25029   -0.13305   -0.35196    0.43896   -0.74555
   0.06366    0.12552    0.11516    0.20093    0.00986    0.24692   -0.46458
   0.02060    0.12958    0.12230    0.17003    0.02656   -0.84229   -0.76936
   0.38798    0.03913    0.05326    0.09620   -0.06228   -0.02562   -0.59339
  -0.42207   -0.24309   -0.33206   -0.18773   -0.45044    0.44098   -0.71105
   0.20033   -0.18809   -0.15596   -0.11604   -0.34076   -0.04396   -0.44393
   0.78339   -0.14495   -0.12662   -0.09306   -0.27235   -0.34123   -0.46412
  -0.09514    0.09092    0.06834    0.15959   -0.02690    0.40258   -0.63821
   0.39147    0.38352    0.38424    0.44643    0.31294    0.34025   -0.53273
  -0.47092    0.12296    0.08094    0.05498   -0.04064   -0.06634   -1.42260
   0.61070   -0.20778   -0.18238   -0.13053   -0.37157   -0.54979   -0.21592
   0.30614   -0.19175   -0.16584   -0.13210   -0.30917    0.30421   -0.36202
   0.06051   -0.13273   -0.21670   -0.07524   -0.32696    0.42230   -0.71159
   0.53226    0.20534    0.21835    0.26899    0.11240   -0.96295   -0.49933
   0.25216    0.18591    0.17973    0.25138    0.07321    0.49357   -0.58079
  -0.00332   -0.15920   -0.23055   -0.08200   -0.34061    0.54952   -0.68140
   0.07132   -0.75809   -0.67925   -0.73365   -0.90743   -0.40127    0.10008
  -0.20992   -0.15633   -0.17587   -0.09301   -0.31342   -0.04072   -0.53862
  -0.06008   -0.16391   -0.16815   -0.07609   -0.35386    0.11445   -0.44093
   0.17839    0.05610    0.08014    0.13191   -0.08202   -0.94815   -0.53201
   0.63428    0.16766    0.17982    0.16423    0.06445   -0.97168   -0.42497
   0.39354   -0.04609   -0.07924    0.02746   -0.17137    0.37067   -0.85633
  -0.39741   -0.40108   -0.45434   -0.34521   -0.60183    0.40973   -0.71638
   0.20633   -0.08514   -0.11233   -0.02254   -0.21842    0.38376   -0.51658
   0.73407   -0.11270   -0.10858   -0.03159   -0.27817    0.19634   -0.30371
  -0.16924    0.17010    0.20473    0.23493    0.12798   -0.21125   -0.53347
   0.36983    0.23980    0.23577    0.27639    0.15402    0.43439   -0.62525
  -0.22941   -0.17266   -0.26808   -0.13750   -0.38160    0.19897   -0.49970
  -0.15582   -0.03618   -0.10563    0.03079   -0.19146    0.36417   -0.67295
  -0.08346    0.22991    0.20674    0.26564    0.10027    0.06025   -0.74557
   0.17041   -0.05219   -0.06692    0.01601   -0.18737    0.36354   -0.45686
  -0.39403   -0.34128   -0.38016   -0.30590   -0.45913   -0.21338   -0.59108
   0.10471   -0.08184   -0.10374    0.00066   -0.24471    0.12320   -0.47397
   0.80972   -0.13619   -0.14582   -0.06679   -0.31518    0.03396   -0.31305
   0.84340   -0.37060   -0.39428   -0.28854   -0.57939   -0.13631   -0.31907
   0.81219   -0.13683   -0.12870   -0.05288   -0.32810    0.08853   -0.23264
  -0.43344    0.05146    0.01271    0.10818   -0.08991    0.02661   -0.87774
  -0.06416   -0.03907   -0.11968   -0.01538   -0.22220    0.21677   -0.76920
  -0.10059    0.06455    0.02925    0.13368   -0.07799    0.43798   -0.72182
  -0.25262    0.03798   -0.01479    0.11406   -0.11785    0.33040   -0.70027
   0.43839    0.55295    0.59150    0.58738    0.52681    0.87370   -0.39627
  -0.24523   -0.24206   -0.28465   -0.19840   -0.39009   -0.24408   -0.70736
   0.05187   -0.24316   -0.34181   -0.18635   -0.46772    0.43102   -0.67482
   0.10225    0.56963    0.56119    0.62055    0.51412    0.36236   -0.62450
  -0.62013   -0.07442   -0.13874   -0.01049   -0.19972   -0.02115   -0.82736
   0.01820   -0.10239   -0.09071   -0.05069   -0.18647   -0.17423   -0.63871
   0.21605    0.28293    0.29316    0.32404    0.22348    0.69304   -0.67758
  -0.15391   -0.18411   -0.22628   -0.10732   -0.36525    0.68006   -0.67081
  -0.36570   -0.13312   -0.20566   -0.10396   -0.36274    0.30471   -0.41543
  -0.19257    0.00045   -0.07189    0.06274   -0.15099    0.52142   -0.91085
   0.76081   -0.02060    0.00275    0.06227   -0.15284    0.28428   -0.34659
   0.43462   -0.16520   -0.13485   -0.10343   -0.26012   -0.31938   -0.58195
   0.11392   -0.03616   -0.12921    0.03298   -0.22068    0.45456   -0.77163
  -0.28366    0.35602    0.33405    0.37967    0.27663   -0.20841   -0.79783
   0.06572   -0.52097   -0.50758   -0.45020   -0.70852   -0.44514   -0.33227
  -0.58337    0.06993    0.00383    0.05818   -0.08895   -0.07452   -0.83481
   0.94669   -0.24539   -0.23791   -0.18101   -0.40914   -0.22769   -0.38793
   0.10456    0.11744    0.11633    0.14926    0.02359    0.68493   -0.91029
   0.42683    0.18226    0.17472    0.16746    0.07109    0.08667   -0.42655
   0.18183   -0.27754   -0.23841   -0.19850   -0.44267   -0.06121   -0.40535
   0.32676    0.22926    0.21694    0.29421    0.09432    0.67862   -0.71774
   0.14856   -0.14005   -0.11478   -0.08200   -0.27879   -0.36228   -0.55129
   0.30261    0.35374    0.38799    0.39888    0.34199    0.75257   -0.48171
   0.30077    0.03837    0.03436    0.10566   -0.06229    0.39883   -0.51551
   0.27040   -0.40583   -0.39657   -0.34499   -0.58019   -0.20381   -0.42720
  -0.03114   -0.14474   -0.13696   -0.08903   -0.29645   -0.30796   -0.59786
  -0.24830    0.40557    0.38801    0.40843    0.30917    0.53032   -0.98854
  -0.28309   -0.10424   -0.15854   -0.03405   -0.28246    0.03069   -0.69833
   0.51308   -0.12145   -0.10831   -0.04787   -0.25388    0.12727   -0.34972
   0.82136   -0.22701   -0.20946   -0.15998   -0.40040    0.26768   -0.40129
  -0.64047    0.33985    0.33926    0.38263    0.28675    0.03750   -0.77746
  -0.88391   -0.11796   -0.23230   -0.08190   -0.30447   -0.05928   -0.74428
   0.04903   -0.07394   -0.05814    0.00115   -0.20155    0.02185   -0.53129
   0.52360    0.14236    0.15727    0.20262    0.04593   -0.99514   -0.48675
   0.04919   -0.46404   -0.44562   -0.42442   -0.61717   -0.20714   -0.45528
   0.26881    0.27852    0.27858    0.34952    0.20235    0.36027   -0.45508
  -0.15361    0.14745    0.10963    0.19547    0.02702    0.39068   -0.86260
  -0.20788   -0.05236   -0.09755    0.02259   -0.22117    0.63697   -0.72083
   0.46358    0.28049    0.29059    0.33419    0.21533    0.12762   -0.44014
   0.19948   -0.09380   -0.10477   -0.02705   -0.22992    0.16774   -0.48272
  -0.02476   -0.08772   -0.16071   -0.01367   -0.24549    0.55227   -0.73152
  -0.01952   -0.37335   -0.34351   -0.30101   -0.53084   -0.23299   -0.35304
   0.12926   -0.45541   -0.51825   -0.41486   -0.68707    0.41923   -0.49631
   0.72540   -0.24634   -0.20343   -0.18048   -0.39327   -0.75072   -0.32705
   0.72674   -0.16232   -0.15659   -0.08995   -0.33532    0.01669   -0.31105
   0.41656    0.05473    0.05969    0.12353   -0.05796    0.38381   -0.55022
  -0.46577   -0.44834   -0.50026   -0.44482   -0.64776   -0.33396   -0.65804
  -0.12588    0.05609    0.01909    0.11686   -0.09899    0.67380   -0.77684
   0.07327   -0.03795   -0.10560    0.02203   -0.19507    0.46240   -0.70104
  -0.44265    0.05098    0.00885    0.09244   -0.10825    0.09979   -0.66368
  -0.12462    0.00029   -0.04368    0.07162   -0.16964    0.04116   -0.61379
   0.41890    0.31299    0.31327    0.37240    0.23002    0.32948   -0.55653
  -0.29801    0.17865    0.12223    0.21804    0.01716    0.53413   -0.70474
   0.17573    0.00813    0.00719    0.07496   -0.11163    0.07545   -0.47718
   0.68250   -0.39194   -0.38058   -0.32081   -0.61626   -0.11408   -0.18361
   0.11133   -0.05436   -0.08437   -0.02247   -0.19148    0.40058   -0.83219
   0.34930   -0.06926   -0.07028    0.01150   -0.17845    0.40066   -0.50703
   0.32808    0.08516    0.11459    0.13862   -0.00477   -0.09122   -0.62415
   0.56227    0.15753    0.18671    0.22854    0.10169    0.40742   -0.39490
   0.13665   -0.08848   -0.12776   -0.05890   -0.24674    0.42719   -0.70083
  -0.09046   -0.11658   -0.17582   -0.05030   -0.31732    0.48075   -0.36176
  -0.23688   -0.18385   -0.22366   -0.10684   -0.36233    0.08001   -0.59783
   0.59572   -0.26674   -0.22326   -0.21417   -0.36172   -0.37681   -0.39952
  -0.27832    0.75705    0.78329    0.78843    0.76613   -0.77208   -0.58974
   0.02658   -0.03936   -0.06623   -0.00951   -0.16155    0.65777   -0.74964
   0.72676    0.12376    0.14422    0.16791    0.02169   -0.80586   -0.61193
   0.48557   -0.16623   -0.13888   -0.10602   -0.28795    0.04386   -0.36820
   0.18055   -0.18804   -0.19235   -0.14613   -0.29878    0.63310   -0.80115
  -0.36035   -0.22427   -0.32342   -0.17213   -0.42178    0.46852   -0.67465
   0.07886   -0.20765   -0.15958   -0.20994   -0.30085   -0.81081   -0.64555
   0.87557   -0.33926   -0.34870   -0.28113   -0.50092   -0.23650   -0.27269
   0.41142   -0.20828   -0.18556   -0.15045   -0.36218   -0.01418   -0.51278
   0.78856   -0.25185   -0.24126   -0.17888   -0.46022    0.19987   -0.23771
   0.65945   -0.33368   -0.31384   -0.26546   -0.49328    0.79933   -0.36694
   0.51044    0.04080    0.05966    0.09210   -0.04068   -0.44893   -0.66400
   0.65934   -0.02753    0.00878    0.02672   -0.11290   -0.38722   -0.61226
   0.26306   -0.25052   -0.22876   -0.17307   -0.42670    0.02496   -0.47664
  -0.24864   -0.09826   -0.14360   -0.03493   -0.28306    0.01294   -0.69156
  -0.61064   -0.29547   -0.30928   -0.21428   -0.48971    0.46334   -0.35918
   0.26574    0.02458    0.03017    0.06246   -0.08288    0.23162   -0.50423
   0.38969    0.27301    0.27555    0.33985    0.20119    0.35539   -0.66127
   0.63024   -0.22039   -0.21367   -0.15419   -0.39604   -0.73681   -0.28172
   0.01501   -0.22661   -0.20169   -0.14716   -0.31442    0.69338   -0.54637
   0.37608    0.27368    0.29810    0.31995    0.20976    0.82642   -0.40296
   0.53258   -0.04813   -0.07251   -0.01221   -0.19985    0.14400   -0.53361
   0.28491   -0.18233   -0.17653   -0.10396   -0.35301    0.06846   -0.47856
   0.23827    0.49899    0.49896    0.55031    0.44094    0.74038   -0.58170
   0.06136   -0.20729   -0.23043   -0.14776   -0.33537    0.66490   -0.59627
  -0.22087    0.51439    0.53698    0.55099    0.48179   -0.82043   -0.64718
   0.00138    0.16869    0.13613    0.19393    0.04223    0.33543   -0.85375
   0.43041    0.31568    0.34314    0.37899    0.26416    0.15277   -0.43108
   0.06080    0.19744    0.15872    0.19282    0.06281    0.35170   -1.20147
  -0.33243    0.09525    0.02086    0.13028   -0.03937    0.38473   -0.96533
  -0.05864   -0.40230   -0.38671   -0.34653   -0.45396   -0.21099   -0.41549
   0.39737   -0.11108   -0.09200   -0.04749   -0.22796    0.13615   -0.39558
   0.10390   -0.05081   -0.00394    0.01464   -0.16600   -0.87008   -0.41941
   0.04562   -0.12108   -0.16722   -0.04869   -0.26450    0.29100   -0.64664
  -0.52953    0.11144    0.12062    0.17294   -0.00604    0.31450   -0.58071
  -0.52339   -0.10553   -0.13658   -0.02495   -0.25248    0.05443   -0.62060
  -0.45850    0.20933    0.18271    0.21248    0.10512    0.41343   -0.91681
  -0.33069   -0.09473   -0.18971   -0.06023   -0.29238    0.47703   -0.89944
   0.43058   -0.07225   -0.05515   -0.00314   -0.19890    0.11967   -0.47773
   0.09470    0.05369    0.07678    0.13039   -0.02221    0.30549   -0.52368
  -0.39017   -0.10668   -0.15986   -0.03759   -0.28099    0.10118   -0.38763
   0.64121   -0.11661   -0.13570   -0.04561   -0.25716    0.05972   -0.34894
  -0.12280    0.15851    0.10621    0.20537    0.01306    0.62009   -0.90082
   0.22693    0.20239    0.19965    0.25738    0.09350    0.03935   -0.59996
  -0.35990   -0.27548   -0.35118   -0.22922   -0.46635    0.40239   -0.68980
   0.09378   -0.07654   -0.09022   -0.00902   -0.20113    0.27346   -0.40060
  -0.17710    0.09164    0.07635    0.15790   -0.01871    0.20939   -0.74420
   0.39484    0.05021    0.07108    0.09859    0.01105   -0.45829   -0.82138
  -0.12695   -0.05230   -0.08195   -0.01352   -0.26475   -0.31464   -0.61631
   0.22289   -0.19470   -0.13989   -0.21375   -0.26258   -0.35987   -0.47630
  -0.73151    0.36420    0.35367    0.46182    0.23378    0.47621   -0.57856
   0.65358   -0.52837   -0.49589   -0.47257   -0.72235   -0.85141   -0.30212
   0.46359    0.20168    0.20526    0.24952    0.12316    0.17782   -0.42899
   0.22931    0.26699    0.28707    0.31643    0.19757    0.42506   -0.63087
   0.09358   -0.05178   -0.07004    0.03014   -0.15581    0.23142   -0.38194
   0.44914    0.29396    0.29517    0.34930    0.18417    0.58310   -0.59627
   0.30247    0.44658    0.45722    0.46310    0.39220    0.76933   -0.81347
   0.85585   -0.01477   -0.01227    0.00370   -0.15378   -0.87445   -0.57518
  -0.15011   -0.04847   -0.10628    0.02056   -0.22089    0.27318   -0.75596
   0.32861   -0.10458   -0.10583   -0.07114   -0.24190   -0.04311   -0.66372
  -0.22990    0.07311    0.06800    0.14031   -0.04149   -0.04828   -0.65726
   0.48001    0.13495    0.15899    0.19282    0.04328   -0.57584   -0.38745
  -0.07128    0.38728    0.37811    0.43119    0.31805    0.55327   -0.74923
  -0.59249   -0.06602   -0.09170   -0.02291   -0.24899    0.48576   -0.83299
   0.31078    0.02166    0.01536    0.07016   -0.10655    0.43293   -0.65776
   0.23541   -0.17404   -0.16950   -0.10554   -0.32592    0.51101   -0.40027
   0.62552   -0.13672   -0.09020   -0.08404   -0.23685   -0.14365   -0.31783
   0.95073   -0.28539   -0.30779   -0.22588   -0.45859   -0.14337   -0.34783
  -0.12513    0.04883    0.03038    0.10368   -0.07627    0.34777   -0.70944
   0.00749   -0.21157   -0.23025   -0.12533   -0.37184    0.24436   -0.51182
  -0.22438   -0.18421   -0.23073   -0.12402   -0.40138   -0.02597   -0.65617
   0.35550    0.07511    0.05654    0.12225   -0.05629    0.58271   -0.73580
   0.23658   -0.36104   -0.34192   -0.28129   -0.51233   -0.20521   -0.43322
   0.90120   -0.22205   -0.19641   -0.14850   -0.38398   -0.67860   -0.40921
   0.04154    0.17101    0.07646    0.23643    0.04471    0.47779   -0.73752
   0.50061    0.14287    0.13893    0.18765    0.02014    0.71536   -0.65259
  -0.15417    0.08579    0.05915    0.12953   -0.05923    0.12662   -0.67258
  -0.16911    0.22915    0.18798    0.28158    0.12828    0.52056   -1.12882
   0.21202    0.16763    0.18375    0.22858    0.09787    0.34701   -0.55898
  -0.23774    0.12307    0.07721    0.17730   -0.00446    0.48716   -0.89125
  -0.28294   -0.37551   -0.43847   -0.30839   -0.58586   -0.17164   -0.54768
   0.63306   -0.00888    0.00564    0.06535   -0.18645    0.94660   -0.40704
  -0.30997   -0.27460   -0.37036   -0.21428   -0.44987    0.38116   -0.67703
   0.52538   -0.02248   -0.00840    0.02757   -0.16702   -0.76700   -0.47651
   0.67721   -0.10698   -0.08495   -0.02544   -0.25118    0.37948   -0.31230
  -0.42896    0.18393    0.20204    0.24430    0.16711   -0.21548   -0.56962
   0.14114    0.07343    0.05562    0.15071   -0.03795    0.24728   -0.51391
   0.24415    0.37508    0.38616    0.43041    0.31470   -0.29779   -0.67919
  -0.51516   -0.13274   -0.15722   -0.04826   -0.29792    0.25706   -0.51238
   0.22702    0.00666    0.00967    0.05383   -0.11890    0.32061   -0.60562
  -0.03518   -0.33949   -0.42571   -0.26223   -0.58540    0.38294   -0.39814
  -0.22012    0.14580    0.10455    0.21172    0.00384    0.33935   -0.85199
  -0.02124   -0.07582   -0.16908   -0.06083   -0.25853    0.66455   -0.72475
   0.60191    0.03909    0.04967    0.10085   -0.09882    0.78248   -0.41803
  -0.32502   -0.06341   -0.15295   -0.01869   -0.29102    0.20599   -0.55838
  -0.31278   -0.10550   -0.17876   -0.05060   -0.30318    0.16327   -0.69081
  -0.20626   -0.20886   -0.24370   -0.15879   -0.36788   -0.20529   -0.65499
   0.07745   -0.12409   -0.15902   -0.05126   -0.26436    0.20256   -0.50182
   0.38700    0.03542    0.04935    0.11027   -0.06590    0.40040   -0.57478
   0.59259    0.20456    0.24056    0.26072    0.14547    0.12437   -0.46031
  -0.14510    0.10116    0.04477    0.15477   -0.06720    0.14744   -0.74426
   0.22339   -0.12366   -0.07646   -0.11282   -0.18867   -0.38091   -0.58273
   0.51505    0.09880    0.12133    0.16181    0.00398    0.09392   -0.45456
   0.50249    0.27245    0.27294    0.34731    0.19941    0.46809   -0.52850
   0.57174    0.19747    0.20504    0.25556    0.10578    0.26242   -0.38275
  -0.07124   -0.15095   -0.20379   -0.11002   -0.32407    0.68236   -0.89385
  -0.45796   -0.05645   -0.11872    0.00318   -0.23276   -0.02342   -0.87418
  -0.17659   -0.17778   -0.22308   -0.10984   -0.34959    0.44220   -0.79054
   0.53777   -0.17263   -0.17289   -0.10175   -0.30770    0.12732   -0.35206
  -0.60113   -0.21395   -0.28335   -0.14828   -0.31947    0.09608   -0.50592
   0.18625    0.02196    0.00872    0.08693   -0.12282    0.43504   -0.63679
  -0.21943   -0.11518   -0.20169   -0.05342   -0.29647    0.44833   -0.78919
   0.18463   -0.28475   -0.32701   -0.21818   -0.45659    0.18554   -0.38299
  -0.08399   -0.13458   -0.20582   -0.06391   -0.29731    0.35629   -0.69980
  -0.27867   -0.15311   -0.23654   -0.08625   -0.33065    0.36745   -0.66945
   0.76325   -0.23994   -0.20914   -0.17933   -0.33226   -0.91818   -0.56583
   0.56861   -0.31458   -0.30060   -0.25261   -0.51354   -0.11108   -0.25020
   0.45325    0.56024    0.55935    0.58325    0.49171    0.84805   -0.52333
  -0.18517   -0.13389   -0.25056   -0.10490   -0.36241    0.18155   -0.70203
   0.02556   -0.04449   -0.00845    0.01516   -0.19584   -0.62158   -0.28314
   0.30688    0.41138    0.41149    0.46304    0.35007    0.71812   -0.75957
   0.48170   -0.28148   -0.25334   -0.21850   -0.41463   -0.59760   -0.31900
   0.54656    0.05414    0.04943    0.13556   -0.07123    0.46910   -0.43692
   0.59433    0.00447    0.01662    0.07050   -0.10529    0.09523   -0.39832
   0.14936   -0.14997   -0.10898   -0.06405   -0.28322   -0.56083   -0.25818
   0.06259   -0.15826   -0.20509   -0.11362   -0.27229    0.63561   -0.56607
   0.27780    0.01556    0.01079    0.07492   -0.09067    0.54170   -0.65120
  -0.65788   -0.10861   -0.16246   -0.04826   -0.26720   -0.07650   -0.53528
   0.49564    0.20158    0.21797    0.25371    0.10787    0.65790   -0.58536
   0.65897    0.03397    0.02171    0.10547   -0.10008    0.25304   -0.43127
  -0.39498   -0.16960   -0.18279   -0.08774   -0.31888   -0.12191   -0.62161
   0.07559   -0.02335   -0.04565    0.00550   -0.16268    0.40048   -0.75855
  -0.41794   -0.10547   -0.14371   -0.02655   -0.30890    0.24018   -0.54662
   0.57171   -0.43496   -0.38979   -0.37751   -0.64421   -0.54019   -0.08686
  -0.35759   -0.00610   -0.02923    0.06678   -0.13640    0.03457   -0.71056
  -0.22027   -0.02222   -0.09968    0.03162   -0.20961    0.21100   -0.53557
  -0.23029    0.09331    0.05971    0.16785   -0.01258    0.40430   -1.09426
   0.00276   -0.15790   -0.25184   -0.10542   -0.35490    0.60961   -0.64185
  -0.51463   -0.13683   -0.20525   -0.24882   -0.38432    0.15883   -0.95570
   0.81737   -0.19357   -0.17363   -0.13175   -0.31435   -0.69720   -0.49201
  -0.55541   -0.04057   -0.05004    0.03112   -0.17723    0.22776   -0.61847
  -0.24637   -0.03037   -0.07165    0.00537   -0.19214    0.09691   -0.64892
   0.19244    0.09739    0.09157    0.17551   -0.01692    0.21190   -0.46767
   0.07035    0.06846    0.04046    0.14187   -0.07625    0.19270   -0.58529
   0.14508   -0.25707   -0.22681   -0.17959   -0.42403   -0.08071   -0.41541
  -0.45746    0.32267    0.29236    0.35663    0.21491   -0.04524   -0.74336
  -0.57567    0.07900    0.03925    0.15009   -0.02065    0.03912   -0.86508
   0.69826   -0.07142   -0.07759    0.00194   -0.22771    0.24191   -0.34352
  -0.11789   -0.01935   -0.09920    0.01531   -0.17842    0.18568   -0.70737
  -0.32918    0.03339   -0.01131    0.03580   -0.11424    0.44751   -1.09881
   0.21391    0.15218    0.14663    0.21576    0.03083    0.55377   -0.60386
   0.45106    0.28399    0.31321    0.35577    0.25014    0.26380   -0.49258
  -0.53292   -0.06623   -0.12094    0.00056   -0.22252    0.10922   -0.40526
  -0.18989    0.02790    0.00920    0.08208   -0.11803   -0.02734   -0.65144
   0.33287    0.11667    0.10528    0.18760   -0.00638    0.71416   -0.72047
   0.57616   -0.08088   -0.07429   -0.01028   -0.20823    0.24287   -0.35573
  -0.02257   -0.24909   -0.28070   -0.19949   -0.40753    0.60098   -0.67043
   0.55617    0.10456    0.13617    0.16336   -0.00274    0.82479   -0.48335
   0.40270    0.14237    0.13733    0.20200    0.07188    0.21224   -0.56471
   0.79100   -0.22530   -0.22476   -0.16061   -0.36697   -0.01947   -0.36300
  -0.40919   -0.05590   -0.11895   -0.02224   -0.22589    0.47985   -0.89670
  -0.21752   -0.07140   -0.13842   -0.02333   -0.25573    0.52258   -0.79028
   0.32170    0.34741    0.35457    0.40159    0.30210    0.21762   -0.54248
   0.15667   -0.02620   -0.03980    0.04383   -0.14666    0.50327   -0.52719
   0.39795   -0.06766   -0.04982   -0.02217   -0.19745    0.11968   -0.44679
   0.41646    0.09025    0.09343    0.16784   -0.01676    0.35064   -0.55255
  -0.34059   -0.06222   -0.07404   -0.02276   -0.23117   -0.49351   -0.61104
   0.67409    0.03245    0.03011    0.10947   -0.15090    1.00000   -0.51912
  -0.25547   -0.11736   -0.21263   -0.09120   -0.33002    0.20305   -0.62472
  -0.01432   -0.20000   -0.23224   -0.13367   -0.36734    0.28417   -0.39096
   0.12533    0.04251    0.04913    0.07494   -0.06936   -0.00813   -0.59134
  -0.24136    0.02723   -0.01910    0.09172   -0.14652    0.04075   -0.75272
  -0.41168   -0.19434   -0.26325   -0.14040   -0.39260    0.09145   -0.34298
   0.97479   -0.22855   -0.20108   -0.15714   -0.39366   -0.75459   -0.41489
  -0.24406   -0.40558   -0.46151   -0.34942   -0.53954   -0.15382   -0.53702
  -0.21214    0.10844    0.04047    0.18264   -0.04025    0.35751   -0.70825
  -0.25484   -0.24404   -0.26838   -0.16769   -0.39749   -0.04693   -0.54948
  -0.60450   -0.23625   -0.24409   -0.22864   -0.43578   -0.25877   -0.65419
  -0.43902    0.48601    0.45594    0.49620    0.38327   -0.36458   -1.13908
  -0.44049   -0.06006   -0.11438   -0.00681   -0.24263    0.32630   -0.57318
   0.36754   -0.03744   -0.03419    0.02147   -0.17078    0.11568   -0.48540
   0.53420   -0.19989   -0.18961   -0.12474   -0.37730   -0.04349   -0.30287
  -0.48502   -0.07599   -0.15994   -0.04104   -0.24699    0.41418   -0.84143
   0.13120    0.01937    0.02749    0.08810   -0.06130    0.68497   -0.75409
  -0.60496   -0.24464   -0.30060   -0.17196   -0.44104    0.39220   -0.45094
  -0.35078   -0.09871   -0.16439   -0.03861   -0.26589    0.10334   -0.52589
  -0.46992    0.04756    0.02989    0.10482   -0.08995    0.35079   -0.70191
   0.96114   -0.11341   -0.13260   -0.05591   -0.28471   -0.06368   -0.46342
   0.04436   -0.16270   -0.17429   -0.08909   -0.33677    0.05568   -0.43982
  -0.35330   -0.15277   -0.21548   -0.07439   -0.35497    0.15778   -0.43864
   0.67624   -0.00614   -0.01392    0.07318   -0.15421    0.27168   -0.33674
   0.55180    0.07233    0.09519    0.12768   -0.04233    0.86524   -0.51418
  -0.04775    0.01960   -0.03760    0.09287   -0.12242    0.55423   -0.55773
   0.79337   -0.60708   -0.56205   -0.53943   -0.83682   -0.46795   -0.23743
  -0.05326   -0.09142   -0.18777   -0.02105   -0.28447    0.37565   -0.86146
   0.59187    0.19378    0.19481    0.24440    0.06653    0.70172   -0.61128
  -0.60563    0.12569    0.07199    0.16965    0.03183    0.14606   -0.51233
   0.02914   -0.30242   -0.29472   -0.22531   -0.47189   -0.23444   -0.35727
   0.08260   -0.28705   -0.27927   -0.24960   -0.44710   -0.25280   -0.58731
  -0.26801    0.03572    0.03697    0.10710   -0.10385   -0.52625   -0.63598
   0.62093   -0.20066   -0.20582   -0.11276   -0.36979    0.38233   -0.29009
   0.47355    0.00809   -0.00216    0.05252   -0.15226    0.75876   -0.57076
   0.30639    0.08510    0.07289    0.14636   -0.04818    0.64649   -0.90205
   0.31992    0.24293    0.24146    0.31318    0.14512    0.53491   -0.66836
   0.64357   -0.09919   -0.08096   -0.05520   -0.25450    0.82210   -0.54957
   0.12812   -0.16555   -0.26470   -0.09894   -0.37553    0.54699   -0.73020
   0.25297   -0.28328   -0.25320   -0.24727   -0.38346   -0.43374   -0.48076
   0.74195    0.33175    0.36030    0.38838    0.27381   -0.93834   -0.60248
   0.22456   -0.12152   -0.12632   -0.06274   -0.24009    0.25797   -0.53703
  -0.43364   -0.15916   -0.21876   -0.08673   -0.31166   -0.14301   -0.70267
   0.19942   -0.10304   -0.11723   -0.03828   -0.26956    0.56065   -0.58842
  -0.34542   -0.01913   -0.08884    0.02981   -0.16881    0.41051   -0.89289
   0.37708   -0.27159   -0.27290   -0.20643   -0.46002    0.68578   -0.45389
   0.25229    0.42903    0.45578    0.47398    0.39986    0.71240   -0.63548
   0.33437    0.67248    0.69133    0.73398    0.64212    0.82094   -0.66974
   0.06600   -0.23928   -0.28604   -0.16636   -0.40728    0.27166   -0.45628
   0.16417   -0.20279   -0.17867   -0.12175   -0.32128   -0.10054   -0.41258
   0.06487   -0.31664   -0.30347   -0.25851   -0.44666   -0.15910   -0.54711
   0.77280   -0.07410   -0.07950    0.00389   -0.23955    0.11246   -0.34865
  -0.35460    0.60810    0.61110    0.65794    0.57455   -0.04851   -0.69908
  -0.25486   -0.13933   -0.21329   -0.11711   -0.35529    0.14786   -0.90820
  -0.45695   -0.21668   -0.28514   -0.15855   -0.40681    0.47576   -0.69186
   0.17726    0.19925    0.20048    0.26505    0.09838    0.74396   -0.49220
  -0.02507   -0.27617   -0.29567   -0.20725   -0.43754    0.24530   -0.51247
   0.12169    0.24152    0.23078    0.28494    0.14065    0.48316   -0.69902
  -0.14054    0.10338    0.09087    0.17235   -0.01098    0.58054   -0.66831
   0.35813   -0.34855   -0.33780   -0.28253   -0.56379   -0.10785   -0.41255
  -0.55082    0.11002    0.08396    0.19008    0.00003    0.18329   -0.52671
   0.18865    0.20972    0.21408    0.27434    0.11575    0.50886   -0.63054
  -0.58268    0.52997    0.50503    0.49242    0.45045    0.21154   -0.74847
   0.43043   -0.04051   -0.02292    0.03056   -0.14814    0.13612   -0.44236
   0.01822   -0.02210   -0.01039    0.05383   -0.15917    0.02198   -0.61443
   0.17859    0.11145    0.14728    0.16337    0.07509    0.64583   -0.63296
  -0.12110    0.10768    0.14154    0.18149    0.03889   -0.07280   -0.58557
   0.31696   -0.21665   -0.20017   -0.14408   -0.38961    0.04337   -0.38718
   0.63338    0.09242    0.10990    0.16246   -0.04808    0.88873   -0.39113
   0.59621   -0.12749   -0.15148   -0.04137   -0.28293    0.42980   -0.46086
  -0.56236   -0.17827   -0.23672   -0.10637   -0.32855   -0.03661   -0.79729
  -0.42034   -0.14626   -0.21859   -0.10268   -0.36274    0.30417   -0.23494
   0.51400   -0.22945   -0.19961   -0.17222   -0.34855   -0.81423   -0.42301
  -0.00722   -0.00602   -0.10577    0.04071   -0.20570    0.42629   -0.77509
  -0.72010   -0.08157   -0.11227   -0.03222   -0.18388   -0.02420   -0.69848
   0.44126   -0.40961   -0.37169   -0.32825   -0.61902   -0.58643   -0.07244
   0.89935    0.29090    0.32491    0.33997    0.22974   -0.94410   -0.55338
   0.23072   -0.32364   -0.28678   -0.24536   -0.48167   -0.59611   -0.23573
   0.19019   -0.08872   -0.11924   -0.04316   -0.22601    0.70027   -0.69679
   0.14957    0.06231    0.03590    0.06199   -0.09096    0.07458   -0.84675
   0.28734    0.20989    0.20710    0.27067    0.12208    0.53544   -0.55093
   0.39641    0.30265    0.31065    0.35735    0.22793    0.85988   -0.45534
   0.49927   -0.37812   -0.37370   -0.30696   -0.60649   -0.10073   -0.37599
   0.37212    0.21335    0.22570    0.24644    0.12293    0.85830   -0.51131
   0.38732   -0.00790    0.01639    0.05789   -0.11183   -0.05671   -0.50538
   0.10475   -0.04023   -0.06148    0.00334   -0.16656    0.37886   -0.71522
   0.07430   -0.11708   -0.08737   -0.06255   -0.26331   -0.61311   -0.32537
   0.35814   -0.20300   -0.19671   -0.13827   -0.35730   -0.04285   -0.53298
  -0.06891    0.00093   -0.06345    0.07736   -0.15045    0.53885   -0.58894
  -0.56186   -0.12656   -0.14199   -0.04856   -0.28036   -0.10703   -0.53243
   0.53295    0.57500    0.58555    0.61394    0.54304    0.64399   -0.50924
   0.70562    0.05288    0.06091    0.12826   -0.08309    0.27972   -0.37275
   0.46426   -0.49354   -0.44400   -0.45098   -0.65177   -0.27733   -0.35334
  -0.04872   -0.10716   -0.19557   -0.07439   -0.30795    0.62955   -0.74334
   0.16051    0.32617    0.37867    0.29391    0.32844    0.66471   -0.64652
  -0.87145    0.55389    0.57555    0.62738    0.51862    0.54691   -0.58450
   0.75248   -0.14632   -0.12979   -0.07694   -0.32470    0.16877   -0.25859
   0.40009    0.30483    0.36478    0.37806    0.22097    0.90672   -0.32016
  -0.07907    0.30593    0.29542    0.30850    0.21025    0.60209   -0.86725
  -0.59601    0.10721    0.11687    0.16867   -0.00445    0.51265   -0.69416
   0.35601   -0.20448   -0.17130   -0.14011   -0.33122   -0.20284   -0.42202
  -0.53673    0.01079   -0.00359    0.08077   -0.09762    0.49991   -0.71727
   0.50746   -0.22403   -0.24743   -0.16827   -0.43310   -0.06936   -0.33990
  -0.76510    0.60096    0.61869    0.68050    0.53351    0.46560   -0.53626
   0.41121    0.55767    0.59851    0.61973    0.57561    0.27672   -0.48708
   0.17514    0.25496    0.24253    0.31760    0.18233    0.41574   -0.71262
   0.83581    0.08096    0.06220    0.03610   -0.06510   -0.76295   -0.64855
   0.14095    0.09178    0.11129    0.16065    0.00908    0.05530   -0.59198
   0.22507    0.41144    0.46643    0.47734    0.41436   -0.29712   -0.47221
   0.45755   -0.12630   -0.09803   -0.06171   -0.22510    0.11053   -0.37903
   0.29093   -0.21104   -0.19356   -0.16785   -0.36209    0.01717   -0.58797
  -0.60421    0.04348    0.04197    0.10747   -0.05653   -0.08349   -0.65597
  -0.56902    0.30669    0.28163    0.36360    0.23666    0.09051   -0.56837
  -0.05033    0.14109    0.15881    0.21031    0.06364   -0.06586   -0.60614
  -0.00458   -0.02238   -0.07633    0.04021   -0.17362    0.52402   -0.73662
   0.01804    0.07104    0.07832    0.14744   -0.04407    0.00629   -0.59970
  -0.16977   -0.33944   -0.36272   -0.27883   -0.50507   -0.17278   -0.50583
  -0.22821    0.19782    0.17356    0.24079    0.06768    0.14097   -0.73143
  -0.45756   -0.16348   -0.20671   -0.08045   -0.32233    0.20532   -0.40595
   0.15672    0.54063    0.59607    0.58867    0.57436    0.65855   -0.56433
  -0.30025   -0.01265    0.02409    0.06874   -0.06105    0.40364   -0.60568
   0.17258    0.18520    0.20791    0.24696    0.09903   -0.44324   -0.56988
   0.20689    0.25142    0.24773    0.30112    0.14716    0.30130   -0.59266
  -0.80518    0.01665   -0.02437    0.01461   -0.12198   -0.06153   -0.81709
  -0.24334   -0.14001   -0.17988   -0.07589   -0.30782    0.06819   -0.63008
   0.02800    0.08157    0.04033    0.14703   -0.02779    0.29607   -0.75514
  -0.27856   -0.08304   -0.12686   -0.00640   -0.23324   -0.06377   -0.70215
  -0.57947   -0.02989   -0.07009    0.03753   -0.17012   -0.04916   -0.69686
   0.02484   -0.15035   -0.22407   -0.32686   -0.32347    0.67867   -1.11184
   0.14406   -0.23004   -0.27520   -0.17307   -0.43633    0.58510   -0.49686
   0.52875   -0.21921   -0.20017   -0.17704   -0.36703   -0.26833   -0.40817
   0.37577    0.16719    0.20721    0.22942    0.11350    0.78324   -0.50347
   0.23550    0.52274    0.54127    0.53985    0.48054   -0.31624   -0.59932
   0.36722   -0.09219   -0.06481   -0.02739   -0.21883    0.03487   -0.42359
   0.07613   -0.20551   -0.17938   -0.12798   -0.36250   -0.01088   -0.46306
   0.11988   -0.01721   -0.00142    0.03485   -0.10800    0.37005   -0.68396
  -0.52254   -0.26736   -0.33238   -0.21205   -0.45551    0.48675   -0.71607
