   0.07143    0.44421   -0.55932   -0.10280    0.65803   -0.07463    0.25132    0.18170   -0.14195    0.35661   -0.05590   -0.33784    0.11881    0.55396    1.01800
  -0.17857   -0.05263   -0.45763   -0.43797    0.64767   -0.31343   -0.17750   -0.40788   -0.46092   -0.12718   -0.19255   -0.24324   -0.00990    0.33813    1.04770
   0.46429   -0.36000   -0.79661   -0.32966    0.66839    0.01493    0.12829   -0.25286   -0.36842   -0.19202   -0.05590   -0.25676   -0.18812    0.69784    1.06400
  -0.32143   -0.84421   -0.83051   -0.66687    0.74093   -0.54229   -0.63796   -0.73825   -0.63317   -0.61097   -0.54037   -0.54054   -0.49505    0.03597    1.09110
   0.14286    0.12000   -0.42373   -0.17637    0.85492   -0.11443    0.02636   -0.10546   -0.20893    0.04239    0.21739   -0.32432    0.06931    0.15108    1.03870
  -0.53571   -0.04421   -0.38983   -0.56877    0.69948   -0.48259   -0.46221   -0.46887   -0.55024   -0.34663   -0.31677   -0.47297   -0.36634    0.06475    1.04720
   0.28571   -0.30105   -0.25424   -0.26221    0.80311    0.07463   -0.07557   -0.31639   -0.45774   -0.19701   -0.15528   -0.32432    0.23762   -0.69784    1.06100
   1.00000    0.45263   -0.22034    0.17924    0.62694    0.20398    0.72232    0.44346    0.29506    0.26184   -0.18012    0.01351    0.14852    0.68345    1.02170
   0.07143   -0.10737   -0.72881   -0.29082    0.73057   -0.17413   -0.12829   -0.17662   -0.24721   -0.06234    0.05590   -0.37838    0.19802    0.52518    1.05050
  -0.03571   -0.73474   -0.08475   -0.72001    0.82383   -0.60199   -0.50791   -0.74079   -0.78947   -0.73067   -0.42857   -0.52703    0.35644   -0.07914    1.08480
  -0.53571   -0.04000   -0.32203   -0.63826    0.79275   -0.57214   -0.54657   -0.58831   -0.63317   -0.35162   -0.26708   -0.55405   -0.31683   -0.12230    1.04700
   0.14286   -0.20842    0.49152   -0.56877    0.64767   -0.37313   -0.17750   -0.25794   -0.51515   -0.53616   -0.21739   -0.51351   -0.45545    0.10791    1.05600
  -0.89286   -0.67579   -0.42373   -0.94482    0.59586   -0.96020   -0.79613   -0.83227   -0.89793   -0.86035   -0.78882   -0.74324   -0.87129   -0.69784    1.08140
   0.39286   -0.06105   -0.08475   -0.36031    0.83420   -0.04478   -0.14938   -0.33672   -0.47049   -0.40648   -0.15528   -0.14865   -0.38614    0.33813    1.04800
  -0.46429   -0.54526   -0.38983   -0.87738    0.57513   -0.75124   -0.68717   -0.89072   -0.88836   -0.69576   -0.81366   -0.54054   -0.69307   -0.25180    1.07420
   0.14286   -0.21263   -0.05085   -0.37666    0.70984   -0.21393   -0.14236   -0.28336   -0.38756   -0.36160   -0.01863   -0.13513   -0.21782    0.29496    1.05610
   0.32143    0.37263    0.52542   -0.10689    0.79275    0.01493    0.28295    0.11817   -0.20893   -0.08229    0.61491   -0.14865    0.03960    0.26619    1.02560
   0.39286   -0.45263   -0.62712   -0.46250    0.62694   -0.04478   -0.31107   -0.42313   -0.40989   -0.16210   -0.46584   -0.40541   -0.13861    0.38129    1.06900
  -0.07143   -0.49895   -0.66102   -0.48089    0.83420   -0.24378   -0.25483   -0.50953   -0.52791   -0.48628   -0.29192    1.00000   -0.23762   -0.03597    1.07160
  -0.32143    0.20842   -0.93220   -0.46250    0.73057   -0.67164   -0.36731   -0.22236   -0.46092   -0.20200    0.14286   -0.33784   -0.26733   -0.03597    1.03400
   0.42857   -0.06947   -0.15254   -0.51155    0.67876   -0.09453   -0.28295   -0.34943   -0.56619   -0.24688   -0.36646   -0.35135    0.03960    0.45324    1.04860
  -0.10714    0.37263   -0.05085   -0.30922    0.55440   -0.09453    0.24780   -0.01652   -0.44179   -0.29676    0.00621   -0.24324   -0.07921    0.43885    1.02580
  -0.21429   -0.41895   -0.05085   -0.65256    0.53368   -0.34328   -0.31107   -0.62643   -0.71292   -0.43641   -0.55280   -0.40541   -0.04951    0.17986    1.06740
  -0.60714   -0.43158    0.11864   -0.94686    0.43005   -0.79104   -0.70474   -0.83227   -0.88517   -0.81546   -0.70186   -1.00000   -0.55446   -0.32374    1.06800
  -0.50000   -0.51579   -0.38983   -0.77723    0.56477   -0.56219   -0.43058   -0.63914   -0.78947   -0.65586   -0.60248   -0.63514   -0.34653    0.05036    1.07250
  -0.03571   -0.70105   -0.86441   -0.44615    0.86529   -0.26368   -0.21968   -0.63914   -0.57895   -0.37656   -0.16770   -0.17568   -0.20792    0.20863    1.08300
  -0.32143   -0.59579   -0.15254   -0.65665    0.68912   -0.51244   -0.27944   -0.63151   -0.78309   -0.71072   -0.60248   -0.54054   -0.34653   -0.06475    1.07710
  -0.14286   -0.64211    0.15254   -0.65461    0.83420   -0.47264   -0.49736   -0.65692   -0.63955   -0.71571   -0.44099   -0.45946   -0.51485   -0.09353    1.07960
  -0.07143    0.06526   -0.25424   -0.45432    0.74093   -0.16418   -0.30053   -0.27065   -0.47687   -0.50623   -0.06832   -0.44595   -0.18812    0.23741    1.04140
  -0.03571    0.08632   -0.38983   -0.40732    0.84456   -0.28358   -0.43410   -0.41550   -0.38437   -0.13217    0.00621   -0.22973   -0.12871    0.22302    1.04040
  -0.03571   -0.32632   -0.79661   -0.46659    0.58549   -0.31343   -0.03339   -0.48666   -0.44498   -0.15212   -0.29192   -0.48649    0.22772    0.36691    1.06220
   0.07143   -0.47789   -0.89830   -0.52994    0.78238   -0.33333   -0.28647   -0.51461   -0.61403   -0.36160   -0.20497   -0.44595   -0.43564    0.15108    1.07040
  -0.53571   -0.08211   -0.42373   -0.60556    0.70984   -0.41294   -0.52197   -0.57560   -0.66188   -0.42145   -0.61491   -0.55405   -0.21782    0.05036    1.04910
   0.10714   -0.47789    0.08475   -0.71592    0.69948   -0.26368   -0.30756   -0.43075   -0.64274   -0.47631   -0.36646   -0.35135   -0.34653    0.28058    1.07060
  -0.60714   -0.25474   -0.32203   -0.59534    0.74093   -0.46269   -0.55360   -0.48412   -0.48963   -0.24688   -0.37888   -0.56757   -0.40594   -0.02158    1.05830
  -0.14286   -0.30526   -0.62712   -0.23769    0.82383   -0.11443   -0.05448   -0.20966   -0.23445   -0.07232   -0.05590   -0.33784    0.21782    0.30935    1.06100
  -0.25000   -0.30526   -0.83051   -0.68731    0.56477   -0.32338   -0.48330   -0.52224   -0.67464   -0.52120   -0.45342   -0.50000   -0.42574    0.05036    1.06100
  -0.03571    0.14947   -0.59322   -0.18046    0.76166   -0.16418    0.12829   -0.06989   -0.24083   -0.17207    0.11801   -0.41892   -0.08911    0.46763    1.03700
   0.21429   -0.27158   -0.28814   -0.38279    0.90674   -0.26368    0.08260   -0.50953   -0.45454   -0.48628   -0.13043   -0.22973    0.01980    0.39568    1.05930
  -0.10714    0.25474    0.15254   -0.50746    0.61658   -0.55224   -0.17047   -0.35705   -0.49601   -0.31671   -0.37888   -0.59459   -0.23762    0.26619    1.03170
  -0.03571   -0.14105    0.22034   -0.48498    0.59586   -0.20398   -0.27241   -0.22745   -0.44179   -0.25686   -0.18012   -0.54054   -0.17822    0.05036    1.05240
  -0.10714   -0.09474    1.00000   -0.65052    0.68912   -0.33333   -0.39895   -0.33926   -0.54386   -0.68579   -0.44099   -0.67568   -0.34653   -0.16547    1.04980
  -0.07143    0.06105   -0.86441   -0.14572    0.68912   -0.05473    0.22320   -0.04956   -0.07815    0.01746    0.20497   -0.24324    0.10891    0.35252    1.04160
   0.07143   -0.37263    0.69491   -0.67913    0.56477   -0.34328   -0.36028   -0.52478   -0.62041   -0.50125   -0.41615   -0.63514   -0.22772    0.00719    1.06480
  -0.60714   -0.77684   -0.89830   -0.79358    0.78238   -0.59204   -0.54306   -0.81957   -0.77353   -0.76559   -0.66460   -0.60811   -0.90099   -0.39568    1.08730
  -0.21429    0.13684    0.69491   -0.59534    0.64767   -0.26368   -0.22320   -0.22745   -0.64274   -0.54614   -0.55280   -0.60811   -0.51485   -0.23741    1.03780
  -0.32143   -0.27158   -0.79661   -0.56673    0.89637   -0.55224   -0.55009   -0.64168   -0.57576   -0.49626   -0.40373   -0.64865   -0.26733   -0.03597    1.05940
  -1.00000   -0.47368    0.11864   -0.93460    0.54404   -0.77114   -0.66608   -0.77637   -0.92025   -0.82045   -1.00000   -0.91892   -0.95050   -0.85611    1.07030
  -0.25000   -0.52000   -0.35593   -0.71796    0.64767   -0.47264   -0.57469   -0.71537   -0.76714   -0.64589   -0.59006   -0.63514   -0.52475   -0.09353    1.07280
  -0.17857   -0.18737   -0.28814   -0.33170    0.82383   -0.25373   -0.08963   -0.15121   -0.40670   -0.30175   -0.21739   -0.40541   -0.43564    0.07914    1.05470
  -0.35714   -0.38105   -0.38983   -0.65870    0.62694   -0.42289   -0.29701   -0.64676   -0.60128   -0.33666   -0.29192   -0.52703   -0.04951    0.00719    1.06520
  -0.17857   -0.15368   -0.11864   -0.51972    0.79275   -0.43284   -0.41301   -0.47649   -0.53110   -0.42145   -0.32919   -0.50000   -0.49505    0.00719    1.05290
   0.03571   -0.33053   -0.32203   -0.38688    0.69948   -0.04478   -0.10018   -0.37230   -0.43541   -0.33167   -0.30435   -0.24324   -0.08911    0.30935    1.06240
  -0.75000   -0.36421   -0.59322   -0.82424    0.69948   -0.51244   -0.65202   -0.64422   -0.85327   -0.74065   -0.67702   -0.82432   -0.65346   -0.25180    1.06440
  -0.64286   -0.50316    0.32203   -0.79971    0.50259   -0.46269   -0.50439   -0.64676   -0.74482   -0.58604   -0.72671   -0.75676   -0.54455   -0.13669    1.07200
  -0.07143   -0.15368   -0.35593   -0.55651    0.73057   -0.48259   -0.38840   -0.49682   -0.57576   -0.36160   -0.32919   -0.44595   -0.38614    0.17986    1.05300
  -0.60714   -0.66316   -0.01695   -0.84672    0.58549   -0.46269   -0.63445   -0.67980   -0.86922   -0.89526   -0.91304   -0.68919   -0.52475   -0.28058    1.08070
   0.07143   -0.12000   -0.93220   -0.24995    0.87565   -0.21393   -0.11424   -0.36468   -0.27273   -0.06234    0.11801   -0.12162    0.07921    0.38129    1.05020
   0.28571   -0.19158   -0.55932   -0.19477    0.83420   -0.06468   -0.00879   -0.34689   -0.37799   -0.12219    0.03106   -0.12162    0.14852    0.82734    1.05490
  -0.21429   -0.23789   -0.25424   -0.43593    0.77202   -0.31343   -0.20914   -0.54002   -0.48963   -0.43641   -0.22981   -0.27027   -0.27723    0.09353    1.05750
  -0.07143   -0.74737   -0.25424   -0.46454    0.84456   -0.32338   -0.24429   -0.49936   -0.43860   -0.33167   -0.25466   -0.33784   -0.19802    0.17986    1.08540
  -0.07143   -0.19579   -0.79661   -0.50542    0.59586   -0.20398   -0.15641   -0.32656   -0.36523   -0.18703   -0.37888   -0.59459   -0.23762    0.33813    1.05510
   0.07143    0.34737   -0.35593   -0.23564    0.74093    0.03483   -0.04042   -0.11309   -0.33014   -0.11222   -0.10559   -0.47297    0.08911    0.51079    1.02690
  -0.17857   -0.62947    0.18644   -0.64030    0.65803   -0.24378   -0.56766   -0.76112   -0.70335   -0.52619   -0.16770   -0.31081   -0.46535    0.17986    1.07900
  -0.71429    0.06526   -1.00000   -0.70979    0.52332   -0.71144   -0.42004   -0.52986   -0.54705   -0.38155   -0.26708   -0.33784   -0.60396   -0.39568    1.04140
   0.03571   -0.14105   -0.08475   -0.22951    0.88601   -0.03483   -0.10721   -0.05464   -0.27592   -0.03741    0.18012   -0.27027    0.05941    0.26619    1.05220
  -0.50000    0.14526   -0.32203   -0.51768    0.62694   -0.22388   -0.31810   -0.42313   -0.56938   -0.32668   -0.52795   -0.58108   -0.10891    0.33813    1.03730
  -0.10714   -0.41474   -0.28814   -0.62600    0.81347   -0.54229   -0.39192   -0.69250   -0.61084   -0.44140   -0.35404   -0.41892   -0.51485   -0.07914    1.06700
  -0.53571   -0.48211   -0.96610   -0.70775    0.58549   -0.49254   -0.51494   -0.59847   -0.69697   -0.41147   -0.46584   -0.62162   -0.28713   -0.07914    1.07080
  -0.03571    0.14947    0.38983   -0.17719    0.65803   -0.09453    0.34622    0.12834   -0.14514   -0.19202    0.00621   -0.56757    0.01980    0.23741    1.03720
  -0.14286   -0.63789   -0.38983   -0.59943    0.74093   -0.17413   -0.64148   -0.63660   -0.58214   -0.49626   -0.16770   -0.52703   -0.19802    0.19425    1.07940
   0.21429    0.17895    0.35593   -0.32352    0.65803   -0.06468    0.13181   -0.11563   -0.33652   -0.27182   -0.15528   -0.51351    0.27723    0.42446    1.03560
  -0.03571    0.04000   -0.32203   -0.13141    0.87565   -0.26368   -0.03691   -0.07751   -0.14514   -0.09726    0.27950   -0.06757   -0.11881    0.28058    1.04290
  -0.35714   -0.05684   -0.38983   -0.59330    0.73057   -0.68159   -0.33216   -0.51461   -0.57576   -0.45636   -0.32919   -0.54054   -0.31683   -0.07914    1.04810
   0.14286   -0.32211    0.18644   -0.47885    0.75129   -0.17413   -0.15290   -0.30623   -0.49920   -0.39651   -0.30435   -0.50000   -0.30693    0.16547    1.06200
   0.07143   -0.37263    0.15254   -0.54220    0.65803   -0.30348   -0.13181   -0.49174   -0.57257   -0.44140   -0.45342   -0.54054   -0.02970    0.30935    1.06470
  -0.28571   -0.42737   -0.01695   -0.74862    0.66839   -0.63184   -0.52548   -0.70267   -0.63955   -0.67082   -0.56522   -0.67568   -0.35644   -0.23741    1.06780
   0.35714    0.09474    0.08475   -0.08849    0.77202    0.13433    0.42706    0.04193   -0.34609   -0.15212    0.20497    0.06757    0.34653    0.58273    1.03990
  -0.42857   -0.30526   -0.55932   -0.55651    0.65803   -0.35323   -0.30404   -0.45616   -0.58214   -0.35661   -0.24224   -0.41892   -0.23762    0.26619    1.06100
  -0.50000   -0.84421   -0.83051   -0.87942    0.46114   -0.47264   -0.50088   -0.88564   -0.88836   -0.85536   -0.81366   -0.70270   -0.43564   -0.00719    1.09100
  -0.60714   -0.58316   -0.49152   -0.78132    0.64767   -0.51244   -0.38489   -0.74587   -0.86603   -0.84539   -0.77640   -0.58108   -0.38614   -0.15108    1.07630
  -0.32143   -0.13684   -0.55932   -0.51972    0.72021   -0.27363   -0.25483   -0.46887   -0.56300   -0.47132   -0.46584   -0.55405   -0.38614    0.10791    1.05210
  -0.14286   -0.74316   -1.00000   -0.55242    0.77202   -0.26368   -0.49736   -0.65438   -0.56300   -0.42643   -0.46584   -0.41892   -0.43564    0.13669    1.08530
  -0.14286   -0.05263   -0.69491   -0.51972    0.74093   -0.49254   -0.23374   -0.41550   -0.54386   -0.39152   -0.25466   -0.25676   -0.47525    0.03597    1.04770
  -0.71429    0.04842   -0.38983   -0.52381    0.72021   -0.37313   -0.32162   -0.39771   -0.47049   -0.40648   -0.18012   -0.66216   -0.40594   -0.00719    1.04220
   0.42857    0.09474    0.69491   -0.40936    0.69948   -0.22388    0.01933   -0.18933   -0.59171   -0.56110    0.06832   -0.51351   -0.43564    0.20863    1.03990
   0.53571    0.41474    0.69491   -0.32557    0.66839   -0.02488    0.02636   -0.09530   -0.37799   -0.38155   -0.03106   -0.44595    0.02970    0.09353    1.02360
   0.39286    0.36000   -0.35593    0.05252    0.82383    0.09453    0.32513    0.17408   -0.00797    0.19701    0.27950   -0.02703    0.23762    0.53957    1.02630
