3.818980000000000152e-01,-4.371180000000000065e-01,-1.000000000000000000e+00,2.932549999999999879e-01,-1.000000000000000000e+00,2.674900000000000055e-01,-7.031999999999999362e-02,1.000000000000000000e+00,-9.164860000000000229e-01,1.000000000000000000e+00,8.282439999999999802e-01,6.170210000000000417e-01,1.000000000000000000e+00,5.599999999999999645e+00
5.562909999999999799e-01,-9.953929999999999723e-01,-7.500000000000000000e-01,-4.567450000000000121e-01,-1.000000000000000000e+00,-4.279839999999999756e-01,-2.067450000000000121e-01,1.000000000000000000e+00,-9.929159999999999375e-02,-6.521740000000000315e-01,-5.267180000000000195e-01,-4.468090000000000117e-01,9.482070000000000221e-01,1.650000000000000000e+01
2.334440000000000126e-01,-7.902080000000000215e-01,-1.000000000000000000e+00,2.932549999999999879e-01,-1.000000000000000000e+00,2.098770000000000080e-01,8.028359999999999663e-02,9.093719999999999581e-01,-8.474840000000000151e-01,1.000000000000000000e+00,8.282439999999999802e-01,6.170210000000000417e-01,-6.953960000000000141e-01,9.500000000000000000e+00
-4.955849999999999977e-01,-9.970750000000000446e-01,-1.000000000000000000e+00,-2.573309999999999764e-01,-1.000000000000000000e+00,-5.720159999999999689e-01,-1.071089999999999959e-01,-6.004119999999999457e-01,-4.878919999999999924e-01,-7.391299999999999537e-01,-6.564889999999999892e-01,2.765960000000000085e-01,1.000000000000000000e+00,2.260000000000000142e+01
-7.560710000000000486e-01,-9.933199999999999807e-01,-1.000000000000000000e+00,-4.926690000000000236e-01,-1.000000000000000000e+00,-5.555560000000000498e-01,5.422489999999999949e-02,-4.644699999999999940e-01,-2.204530000000000101e-01,-6.521740000000000315e-01,-6.183210000000000095e-01,4.893620000000000192e-01,1.000000000000000000e+00,2.300000000000000000e+01
-9.293599999999999639e-01,-9.987639999999999851e-01,-5.999999999999999778e-01,-7.895889999999999853e-01,1.000000000000000000e+00,-7.617279999999999607e-01,5.650509999999999700e-01,-3.604530000000000234e-02,-2.575540000000000052e-01,-6.521740000000000315e-01,-8.893130000000000202e-01,-5.106380000000000363e-01,8.999949999999999894e-01,4.600000000000000000e+01
-5.187640000000000029e-01,-9.969430000000000236e-01,-1.000000000000000000e+00,-2.998529999999999807e-01,-1.000000000000000000e+00,-3.333329999999999904e-01,3.199849999999999917e-02,6.745619999999999949e-01,-7.950509999999999522e-01,-5.652169999999999694e-01,-6.488549999999999873e-02,1.063830000000000053e-01,9.588480000000000336e-01,1.850000000000000000e+01
-6.302429999999999977e-01,-9.990219999999999656e-01,-5.799999999999999600e-01,-6.202349999999999808e-01,-1.000000000000000000e+00,-7.777779999999999694e-01,-6.610459999999999947e-02,-6.189500000000000002e-01,3.394590000000000107e-02,-7.391299999999999537e-01,-7.862599999999999589e-01,-1.063830000000000053e-01,1.000000000000000000e+00,2.339999999999999858e+01
-9.238410000000000233e-01,-9.996530000000000138e-01,6.500000000000000222e-01,-8.848970000000000447e-01,-1.000000000000000000e+00,-8.765429999999999611e-01,5.516379999999999617e-01,-7.363539999999999530e-01,-6.511840000000000683e-02,-9.130430000000000490e-01,-3.854960000000000053e-01,-5.531909999999999883e-01,9.923340000000000494e-01,4.229999999999999716e+01
-8.410600000000000298e-01,-9.994570000000000398e-01,1.000000000000000056e-01,-7.565979999999999928e-01,-1.000000000000000000e+00,-5.925930000000000364e-01,2.695919999999999983e-01,-4.809470000000000134e-01,-2.958109999999999906e-02,-6.521740000000000315e-01,-3.015269999999999895e-01,6.382980000000000598e-02,9.549649999999999528e-01,3.119999999999999929e+01
-2.786980000000000013e-01,-9.998359999999999470e-01,5.000000000000000000e-01,-7.404690000000000438e-01,-1.000000000000000000e+00,-8.971189999999999998e-01,-1.082579999999999931e-01,-7.929970000000000074e-02,1.257900000000000129e-01,-8.260870000000000157e-01,7.633589999999999820e-02,8.085109999999999797e-01,1.000000000000000000e+00,1.889999999999999858e+01
-5.706400000000000361e-01,-9.991759999999999531e-01,5.000000000000000278e-02,-6.436950000000000172e-01,-1.000000000000000000e+00,-9.176950000000000385e-01,1.511780000000000068e-01,-5.880539999999999656e-01,1.253350000000000020e-01,-5.652169999999999694e-01,-5.954199999999999493e-01,-1.489360000000000128e-01,8.730139999999999567e-01,2.480000000000000071e+01
-3.592719999999999803e-01,-9.466729999999999867e-01,-1.000000000000000000e+00,2.932549999999999879e-01,-1.000000000000000000e+00,-1.851849999999999885e-01,-1.147730000000000000e-01,-1.967039999999999900e-01,-5.281580000000000163e-01,1.000000000000000000e+00,8.282439999999999802e-01,6.170210000000000417e-01,8.680219999999999603e-01,2.060000000000000142e+01
-3.537529999999999841e-01,-5.593390000000000306e-01,-1.000000000000000000e+00,2.932549999999999879e-01,-1.000000000000000000e+00,1.769550000000000012e-01,4.378230000000000177e-01,9.567459999999999853e-01,-9.660450000000000426e-01,1.000000000000000000e+00,8.282439999999999802e-01,6.170210000000000417e-01,1.000000000000000000e+00,1.500000000000000000e+01
6.456950000000000189e-02,-9.720020000000000326e-01,-1.000000000000000000e+00,-4.369500000000000051e-01,-1.000000000000000000e+00,-3.703699999999999770e-01,-2.301209999999999922e-01,9.608649999999999691e-01,-5.147180000000000089e-01,-7.391299999999999537e-01,-5.419850000000000501e-01,7.872339999999999893e-01,8.974729999999999652e-01,1.359999999999999964e+01
-5.331129999999999480e-01,-9.174569999999999670e-01,-1.000000000000000000e+00,2.932549999999999879e-01,-1.000000000000000000e+00,5.843620000000000481e-01,-3.098290000000000211e-01,9.217300000000000493e-01,-8.228590000000000071e-01,1.000000000000000000e+00,8.282439999999999802e-01,6.170210000000000417e-01,9.187549999999999883e-01,2.080000000000000071e+01
-7.328919999999999879e-01,-9.990590000000000304e-01,5.999999999999999778e-01,-7.668620000000000436e-01,-1.000000000000000000e+00,-9.711929999999999730e-01,-2.395090000000000066e-02,-4.006179999999999741e-01,4.714510000000000089e-01,-1.000000000000000000e+00,-5.114499999999999602e-01,-1.914889999999999926e-01,9.797770000000000090e-01,2.189999999999999858e+01
-6.970199999999999729e-01,-9.991389999999999993e-01,-5.000000000000000000e-01,-6.774189999999999934e-01,-1.000000000000000000e+00,-8.312760000000000149e-01,1.718719999999999970e-01,3.903190000000000270e-01,-2.232169999999999987e-01,-7.391299999999999537e-01,-6.412210000000000409e-01,3.617020000000000235e-01,9.935950000000000060e-01,2.389999999999999858e+01
-4.817879999999999940e-01,-9.868780000000000330e-01,-1.000000000000000000e+00,5.711140000000000105e-01,-1.000000000000000000e+00,-1.646090000000000053e-02,7.721790000000000598e-02,9.567459999999999853e-01,-7.821569999999999911e-01,-7.391299999999999537e-01,-4.580150000000000193e-02,8.297870000000000523e-01,9.438199999999999923e-01,2.300000000000000000e+01
-4.525390000000000246e-01,-9.880710000000000326e-01,-1.000000000000000000e+00,-5.791789999999999994e-01,-1.000000000000000000e+00,-5.102879999999999638e-01,-7.261929999999999774e-02,3.429449999999999998e-01,-5.377060000000000173e-01,-3.913039999999999852e-01,-5.419850000000000501e-01,2.127659999999999968e-02,9.064499999999999780e-01,2.430000000000000071e+01
1.517660000000000120e-01,-9.747219999999999773e-01,-1.000000000000000000e+00,-4.369500000000000051e-01,-1.000000000000000000e+00,-3.703699999999999770e-01,-1.753210000000000046e-01,8.784760000000000346e-01,-4.355859999999999732e-01,-7.391299999999999537e-01,-5.419850000000000501e-01,7.872339999999999893e-01,8.147659999999999902e-01,1.269999999999999929e+01
-5.518760000000000332e-02,-7.760989999999999833e-01,-1.000000000000000000e+00,2.932549999999999879e-01,-1.000000000000000000e+00,4.609050000000000091e-01,1.205210000000000031e-01,1.000000000000000000e+00,-8.456289999999999640e-01,1.000000000000000000e+00,8.282439999999999802e-01,6.170210000000000417e-01,9.487109999999999710e-01,1.540000000000000036e+01
-1.821189999999999962e-02,-7.815469999999999917e-01,-1.000000000000000000e+00,2.932549999999999879e-01,-1.000000000000000000e+00,4.609050000000000091e-01,9.024719999999999964e-02,9.423270000000000257e-01,-8.298609999999999598e-01,1.000000000000000000e+00,8.282439999999999802e-01,6.170210000000000417e-01,9.448280000000000012e-01,1.710000000000000142e+01
-3.658939999999999970e-01,-8.239180000000000392e-01,-1.000000000000000000e+00,2.932549999999999879e-01,-1.000000000000000000e+00,1.111110000000000014e-01,1.475379999999999921e-02,2.873330000000000051e-01,-6.664879999999999693e-01,1.000000000000000000e+00,8.282439999999999802e-01,6.170210000000000417e-01,1.000000000000000000e+00,2.139999999999999858e+01
-7.654530000000000500e-01,-9.823739999999999695e-01,-1.000000000000000000e+00,-3.079180000000000250e-01,-1.000000000000000000e+00,-3.456790000000000140e-01,-1.858589999999999895e-02,2.780639999999999848e-02,-7.252499999999999503e-01,-7.391299999999999537e-01,-5.534350000000000103e-01,2.340430000000000010e-01,1.000000000000000000e+00,2.210000000000000142e+01
-5.187640000000000029e-01,-9.830210000000000337e-01,-5.999999999999999778e-01,-7.426690000000000236e-01,-1.000000000000000000e+00,7.818930000000000324e-02,-2.339529999999999943e-01,2.337799999999999878e-01,-8.441560000000000175e-01,-6.521740000000000315e-01,-7.061070000000000402e-01,-9.148939999999999850e-01,9.773060000000000080e-01,2.280000000000000071e+01
-2.373069999999999902e-01,-9.942159999999999886e-01,-1.000000000000000000e+00,-4.061580000000000190e-01,-1.000000000000000000e+00,-4.444440000000000057e-01,2.241809999999999983e-02,8.187440000000000273e-01,-7.425640000000000018e-01,-6.521740000000000315e-01,-2.480920000000000070e-01,7.659569999999999990e-01,9.714059999999999917e-01,1.939999999999999858e+01
-1.423840000000000106e-01,-8.857180000000000053e-01,-1.000000000000000000e+00,2.932549999999999879e-01,-1.000000000000000000e+00,3.497939999999999938e-01,4.847669999999999757e-02,8.311020000000000074e-01,-7.747370000000000090e-01,1.000000000000000000e+00,8.282439999999999802e-01,6.170210000000000417e-01,9.404409999999999714e-01,1.610000000000000142e+01
-2.858720000000000150e-01,-9.825139999999999985e-01,-1.000000000000000000e+00,-4.369500000000000051e-01,-1.000000000000000000e+00,-3.703699999999999770e-01,-6.917030000000000400e-02,6.230689999999999840e-01,-4.310579999999999967e-01,-7.391299999999999537e-01,-5.419850000000000501e-01,7.872339999999999893e-01,9.488119999999999887e-01,1.750000000000000000e+01
-5.126929999999999543e-01,-9.994579999999999576e-01,-1.000000000000000000e+00,-6.532259999999999733e-01,-1.000000000000000000e+00,-4.650210000000000177e-01,-1.055760000000000032e-01,1.678679999999999894e-01,-1.842429999999999901e-01,-6.521740000000000315e-01,-8.587789999999999591e-01,6.170210000000000417e-01,9.894600000000000062e-01,1.850000000000000000e+01
-5.364240000000000119e-01,-9.962069999999999537e-01,-1.000000000000000000e+00,-5.967740000000000267e-01,-1.000000000000000000e+00,-5.308640000000000025e-01,-7.836750000000000660e-02,-4.376929999999999987e-01,-5.057329999999999881e-01,-6.521740000000000315e-01,-6.488549999999999596e-01,4.042549999999999755e-01,9.825000000000000400e-01,2.469999999999999929e+01
-7.444809999999999484e-01,-9.982889999999999819e-01,-4.000000000000000222e-01,-6.722869999999999679e-01,-1.000000000000000000e+00,-8.230450000000000266e-01,1.189879999999999965e-01,-6.786820000000000075e-01,-7.968609999999999582e-02,-5.652169999999999694e-01,-5.687020000000000408e-01,-1.489360000000000128e-01,9.117960000000000509e-01,2.369999999999999929e+01
4.249449999999999755e-02,6.528690000000000326e-01,-1.000000000000000000e+00,2.932549999999999879e-01,-1.000000000000000000e+00,2.098770000000000080e-01,-8.181639999999999746e-02,1.000000000000000000e+00,-8.776019999999999932e-01,1.000000000000000000e+00,8.282439999999999802e-01,6.170210000000000417e-01,-9.186539999999999706e-01,8.800000000000000711e+00
3.846579999999999999e-01,-9.254860000000000309e-01,-1.000000000000000000e+00,4.017600000000000060e-01,1.000000000000000000e+00,1.000000000000000000e+00,-2.941179999999999906e-01,1.000000000000000000e+00,-9.650809999999999667e-01,-6.521740000000000315e-01,-1.755730000000000068e-01,-5.531909999999999883e-01,1.000000000000000000e+00,1.340000000000000036e+01
-8.090509999999999646e-01,-9.972739999999999938e-01,-4.000000000000000222e-01,-6.722869999999999679e-01,-1.000000000000000000e+00,-8.230450000000000266e-01,8.526540000000000508e-02,-8.990730000000000111e-01,7.410269999999999357e-02,-5.652169999999999694e-01,-5.687020000000000408e-01,-1.489360000000000128e-01,8.880930000000000213e-01,2.369999999999999929e+01
-1.484550000000000036e-01,-8.024989999999999624e-01,-1.000000000000000000e+00,2.932549999999999879e-01,-1.000000000000000000e+00,-1.810700000000000087e-01,-2.320369999999999933e-01,3.944389999999999841e-01,-8.301520000000000010e-01,1.000000000000000000e+00,8.282439999999999802e-01,6.170210000000000417e-01,-9.832060000000000244e-01,1.169999999999999929e+01
-3.929360000000000075e-01,-9.894539999999999447e-01,-1.000000000000000000e+00,-3.079180000000000250e-01,-1.000000000000000000e+00,-3.456790000000000140e-01,-2.203489999999999963e-02,1.513899999999999968e-01,-4.776159999999999850e-01,-7.391299999999999537e-01,-5.534350000000000103e-01,2.340430000000000010e-01,9.966209999999999791e-01,2.100000000000000000e+01
-4.150110000000000188e-01,-9.970040000000000013e-01,-1.000000000000000000e+00,-4.061580000000000190e-01,-1.000000000000000000e+00,-4.444440000000000057e-01,-1.341249999999999994e-03,7.940270000000000383e-01,-7.651339999999999808e-01,-6.521740000000000315e-01,-2.480920000000000070e-01,7.659569999999999990e-01,9.787679999999999714e-01,2.010000000000000142e+01
5.927149999999999919e-01,-1.380119999999999958e-01,-1.000000000000000000e+00,2.932549999999999879e-01,-1.000000000000000000e+00,2.674900000000000055e-01,-2.749570000000000070e-01,1.000000000000000000e+00,-9.345269999999999966e-01,1.000000000000000000e+00,8.282439999999999802e-01,6.170210000000000417e-01,1.000000000000000000e+00,5.000000000000000000e+00
-4.762689999999999979e-01,-9.978289999999999660e-01,-4.000000000000000222e-01,-6.722869999999999679e-01,-1.000000000000000000e+00,-8.230450000000000266e-01,7.185279999999999445e-02,2.986609999999999959e-02,7.410269999999999357e-02,-5.652169999999999694e-01,-5.687020000000000408e-01,-1.489360000000000128e-01,8.782090000000000174e-01,2.219999999999999929e+01
-6.887419999999999654e-01,-9.980620000000000047e-01,-4.000000000000000222e-01,-6.722869999999999679e-01,-1.000000000000000000e+00,-8.230450000000000266e-01,1.668900000000000106e-01,-1.905249999999999999e-01,-7.968609999999999582e-02,-5.652169999999999694e-01,-5.687020000000000408e-01,-1.489360000000000128e-01,9.338340000000000529e-01,2.330000000000000071e+01
-1.892939999999999900e-01,-8.919679999999999831e-01,-1.000000000000000000e+00,2.932549999999999879e-01,-1.000000000000000000e+00,3.497939999999999938e-01,2.032960000000000045e-01,7.940270000000000383e-01,-7.330339999999999634e-01,1.000000000000000000e+00,8.282439999999999802e-01,6.170210000000000417e-01,2.855409999999999893e-01,1.639999999999999858e+01
-5.833329999999999904e-01,-9.918430000000000302e-01,-1.000000000000000000e+00,-3.079180000000000250e-01,-1.000000000000000000e+00,-3.456790000000000140e-01,1.519449999999999967e-01,7.384140000000000148e-01,-5.502909999999999746e-01,-7.391299999999999537e-01,-5.534350000000000103e-01,2.340430000000000010e-01,9.938979999999999482e-01,2.380000000000000071e+01
-6.451430000000000220e-01,-9.991970000000000018e-01,-4.400000000000000022e-01,6.891500000000000403e-02,-1.000000000000000000e+00,-6.748969999999999692e-01,1.040429999999999966e-01,4.428420000000000273e-02,-5.387250000000000094e-01,-7.391299999999999537e-01,-6.832059999999999800e-01,1.914889999999999926e-01,9.904690000000000438e-01,2.289999999999999858e+01
-2.665560000000000151e-01,-7.509029999999999871e-01,-1.000000000000000000e+00,2.932549999999999879e-01,-1.000000000000000000e+00,3.703699999999999770e-01,9.216320000000000068e-02,1.000000000000000000e+00,-8.673629999999999951e-01,1.000000000000000000e+00,8.282439999999999802e-01,6.170210000000000417e-01,6.058799999999999741e-01,1.669999999999999929e+01
-6.396249999999999991e-01,-9.859850000000000003e-01,-1.000000000000000000e+00,-4.369500000000000051e-01,-1.000000000000000000e+00,-3.703699999999999770e-01,-8.488220000000000487e-02,2.131820000000000104e-01,-3.492890000000000161e-01,-7.391299999999999537e-01,-5.419850000000000501e-01,7.872339999999999893e-01,1.000000000000000000e+00,2.039999999999999858e+01
-4.326709999999999723e-01,-9.962459999999999649e-01,-1.000000000000000000e+00,-3.233139999999999903e-01,-1.000000000000000000e+00,-1.769550000000000012e-01,-1.776200000000000001e-01,5.252319999999999905e-02,-7.722809999999999953e-01,-5.652169999999999694e-01,-2.213739999999999875e-01,4.042549999999999755e-01,1.000000000000000000e+00,2.180000000000000071e+01
-5.088300000000000045e-01,-9.949999999999999956e-01,-1.000000000000000000e+00,-4.061580000000000190e-01,-1.000000000000000000e+00,-4.444440000000000057e-01,8.986399999999999944e-02,6.992789999999999839e-01,-7.117189999999999905e-01,-6.521740000000000315e-01,-2.480920000000000070e-01,7.659569999999999990e-01,-6.445610000000000506e-01,1.860000000000000142e+01
-3.029800000000000271e-01,-9.199199999999999600e-01,-1.000000000000000000e+00,2.932549999999999879e-01,-1.000000000000000000e+00,-1.975310000000000121e-01,1.021269999999999956e-01,4.850670000000000259e-01,-6.786550000000000082e-01,1.000000000000000000e+00,8.282439999999999802e-01,6.170210000000000417e-01,9.821980000000000155e-01,2.319999999999999929e+01
-6.688739999999999686e-01,-9.975659999999999528e-01,-5.999999999999999778e-01,-5.234600000000000364e-01,-1.000000000000000000e+00,-6.748969999999999692e-01,1.408320000000000127e-01,1.493309999999999915e-01,-4.929660000000000153e-01,-8.260870000000000157e-01,-8.625950000000000006e-01,2.765960000000000085e-01,9.902159999999999851e-01,2.439999999999999858e+01
6.788080000000000502e-02,-6.432930000000000037e-01,-1.000000000000000000e+00,2.932549999999999879e-01,-1.000000000000000000e+00,1.769550000000000012e-01,1.435140000000000027e-01,9.814619999999999456e-01,-9.291439999999999699e-01,1.000000000000000000e+00,8.282439999999999802e-01,6.170210000000000417e-01,1.000000000000000000e+00,1.090000000000000036e+01
5.353200000000000180e-01,-9.936329999999999885e-01,-1.000000000000000000e+00,-2.573309999999999764e-01,-1.000000000000000000e+00,-5.720159999999999689e-01,-2.906690000000000107e-01,-8.578780000000000294e-01,-5.529830000000000023e-01,-7.391299999999999537e-01,-6.564889999999999892e-01,2.765960000000000085e-01,7.580820000000000336e-01,2.369999999999999929e+01
4.337750000000000217e-01,-9.689410000000000522e-01,-1.000000000000000000e+00,-4.369500000000000051e-01,-1.000000000000000000e+00,-3.703699999999999770e-01,-8.449890000000000179e-02,6.292480000000000295e-01,-4.797810000000000130e-01,-7.391299999999999537e-01,-5.419850000000000501e-01,7.872339999999999893e-01,1.714160000000000128e-01,1.319999999999999929e+01
-8.173289999999999722e-01,-9.988430000000000364e-01,-1.000000000000000000e+00,-8.533720000000000194e-01,-1.000000000000000000e+00,-5.761319999999999775e-01,3.102130000000000165e-01,1.431510000000000005e-01,-6.909309999999999619e-01,-8.260870000000000157e-01,-9.770990000000000508e-01,1.063830000000000053e-01,1.000000000000000000e+00,3.720000000000000284e+01
-6.258280000000000509e-01,-9.993990000000000373e-01,-1.000000000000000000e+00,-6.532259999999999733e-01,-1.000000000000000000e+00,-4.650210000000000177e-01,-4.272850000000000259e-02,-2.914519999999999889e-01,-3.302479999999999860e-01,-6.521740000000000315e-01,-8.587789999999999591e-01,6.170210000000000417e-01,9.961670000000000247e-01,2.060000000000000142e+01
3.217439999999999745e-01,-7.398759999999999781e-01,-1.000000000000000000e+00,2.932549999999999879e-01,-1.000000000000000000e+00,2.962960000000000038e-01,-4.347579999999999778e-01,9.382080000000000419e-01,-8.835309999999999553e-01,1.000000000000000000e+00,8.282439999999999802e-01,6.170210000000000417e-01,1.000000000000000000e+00,9.699999999999999289e+00
-7.334439999999999849e-01,-9.958550000000000457e-01,-5.600000000000000533e-01,-6.041060000000000318e-01,-1.000000000000000000e+00,-8.106999999999999762e-01,2.098099999999999965e-01,-6.992789999999999839e-01,2.179609999999999881e-01,-4.782609999999999917e-01,-4.541979999999999906e-01,3.829790000000000139e-01,9.840640000000000498e-01,2.619999999999999929e+01
4.155630000000000157e-01,-6.658569999999999767e-02,-1.000000000000000000e+00,2.932549999999999879e-01,-1.000000000000000000e+00,2.674900000000000055e-01,-2.450660000000000061e-01,6.992789999999999839e-01,-9.131029999999999980e-01,1.000000000000000000e+00,8.282439999999999802e-01,6.170210000000000417e-01,6.598920000000000341e-01,8.500000000000000000e+00
1.065119999999999956e-01,-5.985070000000000112e-01,-1.000000000000000000e+00,2.932549999999999879e-01,-1.000000000000000000e+00,1.769550000000000012e-01,2.011879999999999918e-02,1.000000000000000000e+00,-9.533500000000000307e-01,1.000000000000000000e+00,8.282439999999999802e-01,6.170210000000000417e-01,9.840640000000000498e-01,1.019999999999999929e+01
-7.671079999999999566e-02,-9.879019999999999468e-01,-1.000000000000000000e+00,5.711140000000000105e-01,-1.000000000000000000e+00,-1.646090000000000053e-02,-7.472699999999999655e-03,9.567459999999999853e-01,-9.019540000000000335e-01,-7.391299999999999537e-01,-4.580150000000000193e-02,8.297870000000000523e-01,1.000000000000000000e+00,1.780000000000000071e+01
-1.059599999999999986e-01,-9.980520000000000502e-01,-1.000000000000000000e+00,8.467740000000000267e-01,-1.000000000000000000e+00,-1.934160000000000046e-01,-8.028359999999999663e-02,8.537590000000000456e-01,-8.258959999999999635e-01,-9.130430000000000490e-01,-9.961830000000000407e-01,3.829790000000000139e-01,9.051390000000000269e-01,2.050000000000000000e+01
-2.003310000000000091e-01,-8.746819999999999595e-01,-1.000000000000000000e+00,2.932549999999999879e-01,-1.000000000000000000e+00,3.497939999999999938e-01,1.017440000000000011e-01,7.507719999999999949e-01,-7.842660000000000187e-01,1.000000000000000000e+00,8.282439999999999802e-01,6.170210000000000417e-01,-4.963440000000000074e-01,1.430000000000000071e+01
-7.770420000000000105e-01,-9.996800000000000130e-01,6.999999999999999556e-01,-9.794720000000000093e-01,-1.000000000000000000e+00,-8.971189999999999998e-01,8.143319999999999725e-02,-3.244079999999999742e-01,4.655039999999999734e-01,-9.130430000000000490e-01,-5.190839999999999899e-01,2.220449999999999921e-16,1.000000000000000000e+00,2.469999999999999929e+01
-4.188740000000000241e-01,-9.733249999999999957e-01,-1.000000000000000000e+00,5.711140000000000105e-01,-1.000000000000000000e+00,-1.646090000000000053e-02,5.958999999999999714e-02,9.526259999999999728e-01,-7.924139999999999517e-01,-7.391299999999999537e-01,-4.580150000000000193e-02,8.297870000000000523e-01,1.000000000000000000e+00,1.960000000000000142e+01
-4.348790000000000155e-01,-9.978599999999999692e-01,-1.000000000000000000e+00,-9.310849999999999682e-02,-1.000000000000000000e+00,-7.860080000000000400e-01,4.157879999999999909e-02,4.747680000000000233e-01,-4.684679999999999955e-01,-6.521740000000000315e-01,-1.946559999999999957e-01,2.978720000000000256e-01,8.827979999999999716e-01,2.000000000000000000e+01
-6.981239999999999668e-01,-9.963750000000000107e-01,-1.000000000000000000e+00,-4.926690000000000236e-01,-1.000000000000000000e+00,-5.555560000000000498e-01,9.791149999999999853e-02,1.750770000000000104e-02,-3.796800000000000175e-01,-6.521740000000000315e-01,-6.183210000000000095e-01,4.893620000000000192e-01,1.000000000000000000e+00,2.380000000000000071e+01
3.068429999999999769e-01,-9.967620000000000369e-01,-1.000000000000000000e+00,8.467740000000000267e-01,-1.000000000000000000e+00,-1.934160000000000046e-01,-1.205210000000000031e-01,9.382080000000000419e-01,-8.518130000000000424e-01,-9.130430000000000490e-01,-9.961830000000000407e-01,3.829790000000000139e-01,8.659029999999999783e-01,1.730000000000000071e+01
-5.143489999999999451e-01,-9.994420000000000526e-01,-1.000000000000000000e+00,-7.118769999999999820e-01,-1.000000000000000000e+00,-7.654320000000000013e-01,-5.997319999999999734e-02,-6.076209999999999944e-02,2.519890000000000185e-01,-8.260870000000000157e-01,-3.702289999999999748e-01,3.191490000000000160e-01,9.432139999999999969e-01,1.750000000000000000e+01
1.788079999999999947e-01,-9.903480000000000061e-01,-1.000000000000000000e+00,-2.573309999999999764e-01,1.000000000000000000e+00,-5.720159999999999689e-01,-3.167269999999999808e-01,1.000000000000000000e+00,-5.006960000000000299e-01,-7.391299999999999537e-01,-6.564889999999999892e-01,2.765960000000000085e-01,1.000000000000000000e+00,2.000000000000000000e+01
-5.237309999999999466e-01,-9.911050000000000137e-01,-1.000000000000000000e+00,-3.079180000000000250e-01,-1.000000000000000000e+00,-3.456790000000000140e-01,8.104999999999999705e-02,3.244079999999999742e-01,-5.629859999999999864e-01,-7.391299999999999537e-01,-5.534350000000000103e-01,2.340430000000000010e-01,9.914770000000000527e-01,2.310000000000000142e+01
-2.991170000000000218e-01,-9.729999999999999760e-01,-1.000000000000000000e+00,4.017600000000000060e-01,-1.000000000000000000e+00,-9.465020000000000377e-02,-1.132399999999999934e-01,8.887739999999999529e-01,-7.642430000000000057e-01,-6.521740000000000315e-01,-1.755730000000000068e-01,-5.531909999999999883e-01,4.724389999999999978e-01,1.739999999999999858e+01
-1.959160000000000068e-01,-9.832769999999999566e-01,-1.000000000000000000e+00,-4.369500000000000051e-01,-1.000000000000000000e+00,-3.703699999999999770e-01,-9.446250000000000480e-02,8.784760000000000346e-01,-4.052870000000000084e-01,-7.391299999999999537e-01,-5.419850000000000501e-01,7.872339999999999893e-01,9.870389999999999997e-01,1.559999999999999964e+01
-7.240619999999999834e-01,-9.976629999999999665e-01,-5.000000000000000000e-01,-6.576250000000000151e-01,-1.000000000000000000e+00,-7.201650000000000551e-01,1.094080000000000052e-01,3.367660000000000098e-01,1.086580000000000046e-01,-3.913039999999999852e-01,-6.297709999999999697e-01,5.106380000000000363e-01,1.000000000000000000e+00,2.219999999999999929e+01
-8.658940000000000525e-01,-9.987650000000000139e-01,-2.000000000000000111e-01,-5.637830000000000341e-01,1.000000000000000000e+00,-7.448559999999999626e-01,2.511979999999999769e-01,-4.912460000000000160e-01,-3.210450000000000248e-01,-7.391299999999999537e-01,-7.442750000000000199e-01,6.382980000000000598e-02,9.826009999999999467e-01,3.310000000000000142e+01
-2.781460000000000043e-01,-9.850379999999999692e-01,-1.000000000000000000e+00,-4.369500000000000051e-01,-1.000000000000000000e+00,-3.703699999999999770e-01,-1.369990000000000097e-01,8.002059999999999729e-01,-3.539269999999999916e-01,-7.391299999999999537e-01,-5.419850000000000501e-01,7.872339999999999893e-01,8.990369999999999751e-01,1.660000000000000142e+01
-7.693159999999999998e-01,-9.884500000000000508e-01,-5.999999999999999778e-01,-7.426690000000000236e-01,-1.000000000000000000e+00,7.818930000000000324e-02,8.536120000000000374e-01,8.249229999999999619e-01,-7.892320000000000446e-01,-6.521740000000000315e-01,-7.061070000000000402e-01,-9.148939999999999850e-01,9.493669999999999609e-01,4.879999999999999716e+01
-6.512139999999999596e-01,-9.991750000000000353e-01,5.999999999999999778e-01,-8.936950000000000172e-01,-1.000000000000000000e+00,-8.847739999999999494e-01,-1.944819999999999882e-01,-6.086510000000000531e-01,7.197759999999999714e-01,-7.391299999999999537e-01,-4.389310000000000156e-01,1.000000000000000000e+00,9.288920000000000510e-01,1.819999999999999929e+01
-5.689849999999999630e-01,-9.884399999999999853e-01,-1.000000000000000000e+00,-5.791789999999999994e-01,1.000000000000000000e+00,-4.979419999999999957e-01,1.764709999999999890e-01,5.159629999999999495e-01,-4.510449999999999737e-01,-3.913039999999999852e-01,-5.419850000000000501e-01,2.127659999999999968e-02,9.573859999999999593e-01,2.510000000000000142e+01
-2.792490000000000250e-01,-9.824800000000000200e-01,-5.999999999999999778e-01,-7.426690000000000236e-01,-1.000000000000000000e+00,7.818930000000000324e-02,3.232419999999999738e-01,6.828009999999999913e-01,-8.175299999999999789e-01,-6.521740000000000315e-01,-7.061070000000000402e-01,-9.148939999999999850e-01,9.352970000000000450e-01,3.069999999999999929e+01
-6.760490000000000110e-01,-9.991100000000000536e-01,5.000000000000000278e-02,-6.436950000000000172e-01,-1.000000000000000000e+00,-9.176950000000000385e-01,5.537460000000000299e-02,-1.204940000000000039e-01,1.253350000000000020e-01,-5.652169999999999694e-01,-5.954199999999999493e-01,-1.489360000000000128e-01,1.000000000000000000e+00,2.230000000000000071e+01
-2.842160000000000242e-01,-8.472549999999999804e-01,-1.000000000000000000e+00,2.932549999999999879e-01,-1.000000000000000000e+00,3.497939999999999938e-01,-3.429780000000000328e-02,6.786820000000000075e-01,-7.112100000000000088e-01,1.000000000000000000e+00,8.282439999999999802e-01,6.170210000000000417e-01,1.000000000000000000e+00,2.000000000000000000e+01
-7.924940000000000317e-01,-9.983549999999999924e-01,2.000000000000000111e-01,-9.098239999999999661e-01,-1.000000000000000000e+00,-8.930040000000000200e-01,1.565429999999999877e-01,-3.202880000000000171e-01,7.424370000000000136e-01,-7.391299999999999537e-01,-1.450380000000000003e-01,2.127660000000000107e-01,8.682739999999999903e-01,2.410000000000000142e+01
2.505519999999999969e-01,-6.436100000000000154e-01,-1.000000000000000000e+00,2.932549999999999879e-01,-1.000000000000000000e+00,2.098770000000000080e-01,-1.051929999999999948e-01,9.052519999999999456e-01,-8.581419999999999604e-01,1.000000000000000000e+00,8.282439999999999802e-01,6.170210000000000417e-01,-9.628830000000000444e-01,8.300000000000000711e+00
-7.406179999999999986e-01,-9.699560000000000404e-01,-1.000000000000000000e+00,4.017600000000000060e-01,-1.000000000000000000e+00,-9.465020000000000377e-02,-4.004599999999999826e-02,1.000000000000000000e+00,-8.858409999999999895e-01,-6.521740000000000315e-01,-1.755730000000000068e-01,-5.531909999999999883e-01,7.830949999999999855e-01,2.430000000000000071e+01
-7.654530000000000500e-01,-9.987460000000000226e-01,-2.000000000000000111e-01,-9.420819999999999750e-01,-1.000000000000000000e+00,-8.189300000000000468e-01,1.224370000000000042e-01,-1.452110000000000067e-01,3.935750000000000082e-01,-1.000000000000000000e+00,-4.351149999999999740e-01,5.106380000000000363e-01,1.000000000000000000e+00,2.289999999999999858e+01
-3.730680000000000107e-01,-9.970949999999999536e-01,-7.500000000000000000e-01,-5.887099999999999556e-01,-1.000000000000000000e+00,-9.012350000000000083e-01,-2.209240000000000093e-01,-3.017509999999999915e-01,-2.365209999999999882e-02,-7.391299999999999537e-01,-3.969469999999999943e-01,3.404260000000000064e-01,1.000000000000000000e+00,1.739999999999999858e+01
-6.622519999999999518e-01,-9.999379999999999935e-01,8.000000000000000444e-01,-8.159819999999999851e-01,-1.000000000000000000e+00,-9.382719999999999949e-01,3.516000000000000236e-01,-6.313079999999999803e-01,1.235350000000000059e-01,-1.000000000000000000e+00,-6.259540000000000104e-01,-4.255320000000000213e-01,9.890060000000000517e-01,3.220000000000000284e+01
1.727370000000000017e-01,5.266849999999999588e-01,-1.000000000000000000e+00,2.932549999999999879e-01,-1.000000000000000000e+00,2.674900000000000055e-01,-1.868170000000000108e-01,1.000000000000000000e+00,-9.462030000000000163e-01,1.000000000000000000e+00,8.282439999999999802e-01,6.170210000000000417e-01,9.398360000000000047e-01,5.000000000000000000e+00
-8.879690000000000083e-01,-9.993379999999999486e-01,-5.999999999999999778e-01,-7.895889999999999853e-01,-1.000000000000000000e+00,-7.617279999999999607e-01,6.321130000000000360e-01,2.687950000000000061e-01,-3.516170000000000129e-01,-6.521740000000000315e-01,-8.893130000000000202e-01,-5.106380000000000363e-01,9.516360000000000374e-01,4.539999999999999858e+01
-2.621410000000000129e-01,-9.961449999999999472e-01,-1.000000000000000000e+00,-3.233139999999999903e-01,-1.000000000000000000e+00,-1.769550000000000012e-01,-2.305039999999999867e-01,4.541709999999999914e-01,-7.689709999999999601e-01,-5.652169999999999694e-01,-2.213739999999999875e-01,4.042549999999999755e-01,9.943009999999999904e-01,1.750000000000000000e+01
-1.931569999999999954e-01,-6.998199999999999976e-01,-1.000000000000000000e+00,2.932549999999999879e-01,-1.000000000000000000e+00,2.674900000000000055e-01,-1.086420000000000025e-01,8.908340000000000147e-01,-8.813299999999999468e-01,1.000000000000000000e+00,8.282439999999999802e-01,6.170210000000000417e-01,1.000000000000000000e+00,1.269999999999999929e+01
2.174389999999999934e-01,-7.123530000000000140e-01,-1.000000000000000000e+00,2.932549999999999879e-01,-1.000000000000000000e+00,4.609050000000000091e-01,-1.212880000000000069e-01,9.299690000000000456e-01,-8.606880000000000086e-01,1.000000000000000000e+00,8.282439999999999802e-01,6.170210000000000417e-01,2.113569999999999893e-01,1.080000000000000071e+01
-8.830019999999999189e-03,-7.739460000000000228e-01,-1.000000000000000000e+00,2.932549999999999879e-01,-1.000000000000000000e+00,-1.810700000000000087e-01,2.538799999999999946e-01,8.825950000000000184e-01,-8.256599999999999495e-01,1.000000000000000000e+00,8.282439999999999802e-01,6.170210000000000417e-01,-5.914570000000000105e-01,1.409999999999999964e+01
-1.766000000000000070e-01,-9.516980000000000439e-01,-1.000000000000000000e+00,4.017600000000000060e-01,-1.000000000000000000e+00,1.000000000000000000e+00,-2.078939999999999955e-01,1.000000000000000000e+00,-9.296170000000000266e-01,-6.521740000000000315e-01,-1.755730000000000068e-01,-5.531909999999999883e-01,-1.479650000000000132e-01,1.559999999999999964e+01
-5.943709999999999827e-01,-9.991240000000000121e-01,-1.000000000000000000e+00,-1.590910000000000102e-01,-1.000000000000000000e+00,-2.263370000000000104e-01,-1.935239999999999877e-02,5.200820000000000443e-01,-7.894130000000000313e-01,-1.000000000000000000e+00,-6.717560000000000198e-01,7.872339999999999893e-01,1.000000000000000000e+00,2.060000000000000142e+01
-6.810150000000000370e-01,-9.993440000000000101e-01,-5.000000000000000000e-01,-6.774189999999999934e-01,-1.000000000000000000e+00,-8.312760000000000149e-01,-1.341249999999999994e-03,-9.783730000000000204e-02,-2.232169999999999987e-01,-7.391299999999999537e-01,-6.412210000000000409e-01,3.617020000000000235e-01,9.684300000000000130e-01,2.289999999999999858e+01
9.216340000000000643e-02,-8.345329999999999693e-01,-1.000000000000000000e+00,2.932549999999999879e-01,-1.000000000000000000e+00,2.098770000000000080e-01,8.622339999999999172e-03,5.489190000000000458e-01,-8.534129999999999772e-01,1.000000000000000000e+00,8.282439999999999802e-01,6.170210000000000417e-01,-5.137930000000000552e-01,1.100000000000000000e+01
-7.698679999999999968e-01,-9.969879999999999853e-01,-5.600000000000000533e-01,-6.041060000000000318e-01,-1.000000000000000000e+00,-8.106999999999999762e-01,1.212880000000000069e-01,-7.919669999999999765e-01,1.397940000000000016e-01,-4.782609999999999917e-01,-4.541979999999999906e-01,3.829790000000000139e-01,9.968730000000000091e-01,2.439999999999999858e+01
-4.260490000000000110e-01,-7.314869999999999983e-01,-1.000000000000000000e+00,2.932549999999999879e-01,-1.000000000000000000e+00,1.275719999999999910e-01,-2.155590000000000006e-01,1.000000000000000000e+00,-9.717010000000000369e-01,1.000000000000000000e+00,8.282439999999999802e-01,6.170210000000000417e-01,6.731549999999999478e-01,2.789999999999999858e+01
-5.303529999999999633e-01,-9.991579999999999906e-01,5.999999999999999778e-01,-7.866570000000000507e-01,-1.000000000000000000e+00,-9.465019999999999545e-01,-1.469630000000000103e-01,-4.191559999999999730e-01,-3.009940000000000011e-03,-7.391299999999999537e-01,-4.274809999999999999e-01,-2.553190000000000182e-01,1.000000000000000000e+00,1.939999999999999858e+01
-8.774830000000000130e-01,-9.998200000000000420e-01,1.000000000000000000e+00,-9.369499999999999496e-01,-1.000000000000000000e+00,-8.930040000000000200e-01,2.473650000000000015e-01,-2.255409999999999915e-01,3.085870000000000002e-01,-6.521740000000000315e-01,-7.366409999999999902e-01,-4.680849999999999733e-01,9.798280000000000323e-01,3.160000000000000142e+01
-6.236200000000000077e-02,-9.724369999999999958e-01,-1.000000000000000000e+00,-4.369500000000000051e-01,-1.000000000000000000e+00,-3.703699999999999770e-01,-1.092160000000000006e-02,8.290419999999999456e-01,-4.821630000000000082e-01,-7.391299999999999537e-01,-5.419850000000000501e-01,7.872339999999999893e-01,1.000000000000000000e+00,1.519999999999999929e+01
-4.530910000000000215e-01,-9.497349999999999959e-01,-1.000000000000000000e+00,4.017600000000000060e-01,-1.000000000000000000e+00,-9.465020000000000377e-02,-1.212880000000000069e-01,8.311020000000000074e-01,-7.649519999999999653e-01,-6.521740000000000315e-01,-1.755730000000000068e-01,-5.531909999999999883e-01,9.909729999999999928e-01,2.269999999999999929e+01
-6.876379999999999715e-01,-9.681079999999999686e-01,-1.000000000000000000e+00,4.017600000000000060e-01,-1.000000000000000000e+00,1.000000000000000000e+00,1.301019999999999954e-01,1.000000000000000000e+00,-8.842759999999999510e-01,-6.521740000000000315e-01,-1.755730000000000068e-01,-5.531909999999999883e-01,8.356449999999999712e-01,2.330000000000000071e+01
-7.317879999999999940e-01,-9.964979999999999949e-01,-5.999999999999999778e-01,-5.234600000000000364e-01,-1.000000000000000000e+00,-6.748969999999999692e-01,2.663350000000000092e-02,-7.239959999999999729e-01,-3.999400000000000177e-01,-8.260870000000000157e-01,-8.625950000000000006e-01,2.765960000000000085e-01,1.000000000000000000e+00,2.519999999999999929e+01
-4.519870000000000276e-01,-8.956819999999999782e-01,-1.000000000000000000e+00,2.932549999999999879e-01,-1.000000000000000000e+00,-5.761320000000000330e-02,3.102130000000000165e-01,3.326470000000000260e-01,-7.447829999999999728e-01,1.000000000000000000e+00,8.282439999999999802e-01,6.170210000000000417e-01,8.879420000000000091e-01,2.980000000000000071e+01
-2.582780000000000076e-01,-6.873759999999999870e-01,-1.000000000000000000e+00,2.932549999999999879e-01,-1.000000000000000000e+00,3.497939999999999938e-01,1.437060000000000073e-02,8.970129999999999493e-01,-8.012890000000000290e-01,1.000000000000000000e+00,8.282439999999999802e-01,6.170210000000000417e-01,-4.941249999999999809e-01,1.169999999999999929e+01
-5.849889999999999812e-01,-9.993440000000000101e-01,5.999999999999999778e-01,-7.668620000000000436e-01,-1.000000000000000000e+00,-9.711929999999999730e-01,-1.128569999999999990e-01,-6.663229999999999986e-01,4.714510000000000089e-01,-1.000000000000000000e+00,-5.114499999999999602e-01,-1.914889999999999926e-01,9.913260000000000405e-01,2.089999999999999858e+01
-3.156729999999999814e-01,-9.290260000000000185e-01,-1.000000000000000000e+00,2.932549999999999879e-01,-1.000000000000000000e+00,1.111110000000000014e-01,-1.576929999999999998e-01,-6.694129999999999525e-02,-6.477370000000000072e-01,1.000000000000000000e+00,8.282439999999999802e-01,6.170210000000000417e-01,6.848049999999999971e-01,1.989999999999999858e+01
-2.290290000000000104e-01,-8.422779999999999712e-01,-1.000000000000000000e+00,2.932549999999999879e-01,-1.000000000000000000e+00,3.703699999999999770e-01,-6.303889999999999494e-02,9.031930000000000236e-01,-8.645070000000000254e-01,1.000000000000000000e+00,8.282439999999999802e-01,6.170210000000000417e-01,6.120830000000000437e-01,1.419999999999999929e+01
-5.899560000000000359e-01,-9.925030000000000241e-01,-5.600000000000000533e-01,-6.041060000000000318e-01,-1.000000000000000000e+00,-8.106999999999999762e-01,-2.395090000000000066e-02,-3.408860000000000223e-01,2.596100000000000074e-01,-4.782609999999999917e-01,-4.541979999999999906e-01,3.829790000000000139e-01,9.661100000000000243e-01,2.430000000000000071e+01
-7.268210000000000504e-01,-9.983720000000000372e-01,-1.000000000000000056e-01,-7.815250000000000252e-01,-1.000000000000000000e+00,-7.860080000000000400e-01,2.343359999999999888e-01,-2.131820000000000104e-01,-5.164090000000000069e-01,-6.521740000000000315e-01,-1.946559999999999957e-01,-4.468090000000000117e-01,9.847190000000000110e-01,3.200000000000000000e+01
-1.000000000000000000e+00,-9.672460000000000502e-01,-1.000000000000000000e+00,4.017600000000000060e-01,-1.000000000000000000e+00,-9.465020000000000377e-02,5.052689999999999682e-01,8.105050000000000310e-01,-8.469929999999999959e-01,-6.521740000000000315e-01,-1.755730000000000068e-01,-5.531909999999999883e-01,8.866810000000000525e-01,5.000000000000000000e+01
-8.730679999999999552e-01,-9.995290000000000008e-01,-1.000000000000000000e+00,-5.153959999999999653e-01,-1.000000000000000000e+00,-6.543210000000000415e-01,3.887720000000000065e-01,1.987639999999999962e-01,-3.020760000000000112e-01,-9.130430000000000490e-01,-7.900760000000000005e-01,1.063830000000000053e-01,9.794749999999999845e-01,3.470000000000000284e+01
-5.700880000000000392e-01,-9.964469999999999716e-01,-5.600000000000000533e-01,-6.041060000000000318e-01,-1.000000000000000000e+00,-8.106999999999999762e-01,1.005940000000000029e-01,-4.840370000000000089e-02,2.179609999999999881e-01,-4.782609999999999917e-01,-4.541979999999999906e-01,3.829790000000000139e-01,8.880930000000000213e-01,2.450000000000000000e+01
-8.057400000000000118e-01,-9.897350000000000314e-01,-1.000000000000000000e+00,-5.791789999999999994e-01,-1.000000000000000000e+00,-5.102879999999999638e-01,4.757620000000000182e-01,5.242019999999999458e-01,-5.377060000000000173e-01,-3.913039999999999852e-01,-5.419850000000000501e-01,2.127659999999999968e-02,8.953050000000000175e-01,3.169999999999999929e+01
-6.876379999999999715e-01,-9.989339999999999886e-01,-1.000000000000000000e+00,-1.319649999999999990e-02,-1.000000000000000000e+00,-7.860080000000000400e-01,1.450470000000000093e-01,-9.268800000000000650e-03,-1.214250000000000052e-01,-7.391299999999999537e-01,-6.106869999999999798e-01,-2.765960000000000085e-01,9.795749999999999735e-01,2.710000000000000142e+01
-9.365339999999999776e-01,-9.996899999999999675e-01,9.000000000000000222e-01,-8.372429999999999595e-01,-1.000000000000000000e+00,-8.720160000000000133e-01,7.141210000000000058e-01,-4.026779999999999804e-01,-2.746319999999999872e-01,-7.391299999999999537e-01,-8.587789999999999591e-01,-5.531909999999999883e-01,9.679759999999999476e-01,5.000000000000000000e+01
-9.332230000000000247e-01,-9.994140000000000246e-01,-1.000000000000000000e+00,-8.739000000000000101e-01,-1.000000000000000000e+00,-6.995879999999999876e-01,3.171109999999999762e-01,-1.163750000000000062e-01,-1.029110000000000025e-01,-8.260870000000000157e-01,-8.664119999999999600e-01,2.978720000000000256e-01,9.885519999999999863e-01,3.339999999999999858e+01
-6.793599999999999639e-01,-9.957500000000000240e-01,-1.000000000000000000e+00,-2.412019999999999997e-01,-1.000000000000000000e+00,-8.847739999999999494e-01,2.854949999999999849e-02,-9.320289999999999964e-01,-2.438410000000000022e-01,-7.391299999999999537e-01,-5.496180000000000510e-01,4.042549999999999755e-01,9.004990000000000494e-01,2.339999999999999858e+01
-2.108170000000000044e-01,-9.952600000000000335e-01,-1.000000000000000000e+00,-2.573309999999999764e-01,1.000000000000000000e+00,-5.720159999999999689e-01,-1.392990000000000061e-01,4.840370000000000089e-02,-5.411430000000000407e-01,-7.391299999999999537e-01,-6.564889999999999892e-01,2.765960000000000085e-01,9.699429999999999996e-01,2.239999999999999858e+01
-6.412799999999999612e-01,-9.998960000000000070e-01,1.000000000000000056e-01,-8.687679999999999847e-01,-1.000000000000000000e+00,-9.835390000000000521e-01,1.082579999999999931e-01,-4.026779999999999804e-01,1.235350000000000059e-01,-1.000000000000000000e+00,-5.687020000000000408e-01,-4.255320000000000213e-01,9.890060000000000517e-01,2.200000000000000000e+01
-6.015449999999999964e-02,-8.811569999999999681e-01,-1.000000000000000000e+00,2.932549999999999879e-01,-1.000000000000000000e+00,2.962960000000000038e-01,-4.579420000000000018e-02,6.395469999999999766e-01,-8.111829999999999874e-01,1.000000000000000000e+00,8.282439999999999802e-01,6.170210000000000417e-01,9.066009999999999902e-01,2.319999999999999929e+01
-3.421629999999999949e-01,-9.981039999999999912e-01,-5.999999999999999778e-01,-5.234600000000000364e-01,1.000000000000000000e+00,-6.748969999999999692e-01,-9.599539999999999462e-02,2.070029999999999926e-01,-4.929660000000000153e-01,-8.260870000000000157e-01,-8.625950000000000006e-01,2.765960000000000085e-01,9.719600000000000461e-01,2.069999999999999929e+01
-5.618100000000000316e-01,-9.987340000000000106e-01,-1.000000000000000000e+00,-1.590910000000000102e-01,-1.000000000000000000e+00,-2.263370000000000104e-01,1.619079999999999964e-01,3.635430000000000050e-01,-7.546580000000000510e-01,-1.000000000000000000e+00,-6.717560000000000198e-01,7.872339999999999893e-01,9.752380000000000493e-01,2.239999999999999858e+01
2.792490000000000250e-01,-6.624229999999999841e-01,-1.000000000000000000e+00,2.932549999999999879e-01,-1.000000000000000000e+00,-5.761320000000000330e-02,-3.320560000000000178e-01,9.443869999999999765e-01,-8.233869999999999800e-01,1.000000000000000000e+00,8.282439999999999802e-01,6.170210000000000417e-01,7.608549999999999480e-01,1.200000000000000000e+01
-5.728480000000000238e-01,-9.956909999999999927e-01,-1.000000000000000000e+00,-2.573309999999999764e-01,-1.000000000000000000e+00,-5.720159999999999689e-01,4.406969999999999638e-03,-1.864059999999999884e-01,-4.878919999999999924e-01,-7.391299999999999537e-01,-6.564889999999999892e-01,2.765960000000000085e-01,9.835089999999999666e-01,2.500000000000000000e+01
-7.246139999999999803e-01,-9.981579999999999897e-01,-1.000000000000000000e+00,-2.412019999999999997e-01,-1.000000000000000000e+00,-8.847739999999999494e-01,9.446250000000000480e-02,-9.237900000000000000e-01,-2.438410000000000022e-01,-7.391299999999999537e-01,-5.496180000000000510e-01,4.042549999999999755e-01,9.335820000000000229e-01,2.419999999999999929e+01
-7.284770000000000412e-01,-9.973990000000000355e-01,-1.000000000000000000e+00,-8.218480000000000230e-01,-1.000000000000000000e+00,-7.530860000000000332e-01,1.741709999999999925e-01,1.307929999999999926e-01,-5.697699999999999987e-01,-9.130430000000000490e-01,-6.603050000000000308e-01,1.489360000000000128e-01,8.037220000000000475e-01,2.839999999999999858e+01
1.300000000000000000e+01,1.000000000000000000e+00,2.000000000000000000e+00,3.000000000000000000e+00,4.000000000000000000e+00,5.000000000000000000e+00,6.000000000000000000e+00,7.000000000000000000e+00,8.000000000000000000e+00,9.000000000000000000e+00,1.000000000000000000e+01,1.100000000000000000e+01,1.200000000000000000e+01,0.000000000000000000e+00
7.820089999999999542e-01,-6.926649999999999752e-01,-1.000000000000000000e+00,2.932549999999999879e-01,-1.000000000000000000e+00,4.609050000000000091e-01,-9.024719999999999964e-02,7.507719999999999949e-01,-8.743279999999999941e-01,1.000000000000000000e+00,8.282439999999999802e-01,6.170210000000000417e-01,-6.538910000000000000e-01,8.400000000000000355e+00
-1.997790000000000121e-01,-8.258760000000000545e-01,-1.000000000000000000e+00,2.932549999999999879e-01,-1.000000000000000000e+00,3.497939999999999938e-01,5.000960000000000127e-02,6.642639999999999656e-01,-6.992789999999999839e-01,1.000000000000000000e+00,8.282439999999999802e-01,6.170210000000000417e-01,3.711740000000000039e-01,1.490000000000000036e+01
-8.852100000000000524e-01,-9.993530000000000468e-01,9.000000000000000222e-01,-8.372429999999999595e-01,-1.000000000000000000e+00,-8.720160000000000133e-01,6.447599999999999998e-01,-3.759009999999999851e-01,-2.746319999999999872e-01,-7.391299999999999537e-01,-8.587789999999999591e-01,-5.531909999999999883e-01,9.792220000000000368e-01,4.850000000000000000e+01
-7.135759999999999881e-01,-9.986490000000000089e-01,-1.000000000000000000e+00,-7.368040000000000145e-01,-1.000000000000000000e+00,-4.855970000000000009e-01,2.642269999999999897e-01,4.727089999999999903e-01,-6.752359999999999474e-01,-6.521740000000000315e-01,-5.839689999999999603e-01,-1.489360000000000128e-01,9.716069999999999984e-01,2.989999999999999858e+01
-5.204189999999999650e-01,-9.367860000000000076e-01,-1.000000000000000000e+00,2.932549999999999879e-01,-1.000000000000000000e+00,-3.950620000000000243e-01,-1.565429999999999877e-01,-2.296600000000000030e-01,-4.600839999999999930e-01,1.000000000000000000e+00,8.282439999999999802e-01,6.170210000000000417e-01,9.799280000000000213e-01,2.180000000000000071e+01
-9.862030000000000518e-01,-9.993870000000000253e-01,5.000000000000000000e-01,-8.174489999999999812e-01,-1.000000000000000000e+00,-8.230450000000000266e-01,3.270739999999999759e-01,-7.342950000000000310e-01,-2.231450000000000100e-01,-8.260870000000000157e-01,-7.519080000000000208e-01,2.127660000000000107e-01,9.935450000000000115e-01,3.489999999999999858e+01
-1.716340000000000088e-01,-8.147290000000000365e-01,-1.000000000000000000e+00,2.932549999999999879e-01,-1.000000000000000000e+00,3.497939999999999938e-01,4.684809999999999808e-01,9.855819999999999581e-01,-7.593689999999999607e-01,1.000000000000000000e+00,8.282439999999999802e-01,6.170210000000000417e-01,8.939430000000000431e-01,1.780000000000000071e+01
-9.155630000000000157e-01,-8.900320000000000453e-01,-1.000000000000000000e+00,2.932549999999999879e-01,-1.000000000000000000e+00,1.234569999999999938e-02,-4.600500000000000145e-01,1.000000000000000000e+00,-9.630990000000000384e-01,1.000000000000000000e+00,8.282439999999999802e-01,6.170210000000000417e-01,8.921780000000000266e-01,5.000000000000000000e+01
-4.144590000000000218e-01,-9.988730000000000109e-01,-1.000000000000000000e+00,-9.310849999999999682e-02,-1.000000000000000000e+00,-7.860080000000000400e-01,2.356770000000000045e-02,4.634400000000000325e-02,-2.935280000000000111e-01,-6.521740000000000315e-01,-1.946559999999999957e-01,2.978720000000000256e-01,9.470469999999999722e-01,2.119999999999999929e+01
-2.902870000000000172e-01,-9.922220000000000484e-01,-1.000000000000000000e+00,5.711140000000000105e-01,-1.000000000000000000e+00,-1.646090000000000053e-02,1.086420000000000025e-01,9.670440000000000147e-01,-8.690179999999999572e-01,-7.391299999999999537e-01,-4.580150000000000193e-02,8.297870000000000523e-01,9.857780000000000431e-01,1.710000000000000142e+01
-7.880789999999999740e-01,-9.977460000000000218e-01,5.999999999999999778e-01,-8.936950000000000172e-01,-1.000000000000000000e+00,-8.847739999999999494e-01,-8.986399999999999944e-02,-6.580840000000000023e-01,7.197759999999999714e-01,-7.391299999999999537e-01,-4.389310000000000156e-01,1.000000000000000000e+00,8.948009999999999575e-01,2.060000000000000142e+01
-5.612580000000000346e-01,-9.987000000000000322e-01,-1.000000000000000000e+00,-5.967740000000000267e-01,-1.000000000000000000e+00,-5.308640000000000025e-01,-9.101360000000000006e-02,3.450050000000000061e-01,-5.943040000000000544e-01,-6.521740000000000315e-01,-6.488549999999999596e-01,4.042549999999999755e-01,1.000000000000000000e+00,1.889999999999999858e+01
-2.008830000000000060e-01,-9.973710000000000075e-01,-1.000000000000000000e+00,-2.998529999999999807e-01,-1.000000000000000000e+00,-3.333329999999999904e-01,-9.867789999999999895e-02,8.537590000000000456e-01,-7.774280000000000079e-01,-5.652169999999999694e-01,-6.488549999999999873e-02,1.063830000000000053e-01,9.901659999999999906e-01,1.880000000000000071e+01
-5.027589999999999559e-01,-8.692210000000000214e-01,-1.000000000000000000e+00,2.932549999999999879e-01,-1.000000000000000000e+00,-3.950620000000000243e-01,2.739990000000000134e-02,2.729150000000000187e-01,-5.826820000000000332e-01,1.000000000000000000e+00,8.282439999999999802e-01,6.170210000000000417e-01,1.000000000000000000e+00,2.300000000000000000e+01
-7.086090000000000444e-01,-8.713079999999999714e-01,-1.000000000000000000e+00,2.932549999999999879e-01,-1.000000000000000000e+00,-3.950620000000000243e-01,3.412529999999999730e-01,5.262620000000000076e-01,-5.851560000000000095e-01,1.000000000000000000e+00,8.282439999999999802e-01,6.170210000000000417e-01,9.918299999999999894e-01,2.500000000000000000e+01
3.614789999999999948e-01,-8.337059999999999471e-01,-1.000000000000000000e+00,2.932549999999999879e-01,-1.000000000000000000e+00,-1.275719999999999910e-01,-2.121099999999999930e-01,9.567459999999999853e-01,-9.408739999999999881e-01,1.000000000000000000e+00,8.282439999999999802e-01,6.170210000000000417e-01,5.851530000000000342e-01,1.719999999999999929e+01
9.453639999999999821e-01,2.820819999999999925e-02,-1.000000000000000000e+00,2.932549999999999879e-01,-1.000000000000000000e+00,2.674900000000000055e-01,-6.328799999999999981e-01,1.000000000000000000e+00,-9.038640000000000008e-01,1.000000000000000000e+00,8.282439999999999802e-01,6.170210000000000417e-01,-5.564580000000000082e-01,7.000000000000000000e+00
-2.869760000000000089e-01,-9.171230000000000215e-01,-1.000000000000000000e+00,2.932549999999999879e-01,-1.000000000000000000e+00,3.497939999999999938e-01,7.875070000000000681e-02,7.610710000000000530e-01,-7.385629999999999695e-01,1.000000000000000000e+00,8.282439999999999802e-01,6.170210000000000417e-01,9.724140000000000006e-01,1.769999999999999929e+01
5.518760000000000332e-02,-8.168950000000000378e-01,-1.000000000000000000e+00,2.932549999999999879e-01,-1.000000000000000000e+00,2.962960000000000038e-01,-2.990990000000000038e-01,9.773429999999999618e-01,-8.911510000000000264e-01,1.000000000000000000e+00,8.282439999999999802e-01,6.170210000000000417e-01,1.000000000000000000e+00,1.150000000000000000e+01
-4.608169999999999766e-01,-9.944420000000000481e-01,-1.000000000000000000e+00,-3.079180000000000250e-01,-1.000000000000000000e+00,-3.456790000000000140e-01,-1.783869999999999900e-01,5.406800000000000495e-01,-4.879649999999999821e-01,-7.391299999999999537e-01,-5.534350000000000103e-01,2.340430000000000010e-01,9.975789999999999935e-01,1.619999999999999929e+01
8.234000000000000208e-01,-7.504370000000000207e-01,-1.000000000000000000e+00,2.932549999999999879e-01,-1.000000000000000000e+00,1.646090000000000053e-01,-4.845760000000000067e-01,1.000000000000000000e+00,-9.918890000000000207e-01,1.000000000000000000e+00,8.282439999999999802e-01,6.170210000000000417e-01,1.000000000000000000e+00,1.380000000000000071e+01
-1.169980000000000048e-01,-8.778280000000000527e-01,-1.000000000000000000e+00,2.932549999999999879e-01,-1.000000000000000000e+00,3.497939999999999938e-01,1.856679999999999997e-01,9.629250000000000309e-01,-7.771010000000000417e-01,1.000000000000000000e+00,8.282439999999999802e-01,6.170210000000000417e-01,7.901559999999999695e-01,1.519999999999999929e+01
-7.246139999999999803e-01,-9.993199999999999861e-01,-5.000000000000000000e-01,-6.774189999999999934e-01,-1.000000000000000000e+00,-8.312760000000000149e-01,5.039280000000000148e-02,-3.964980000000000171e-01,-2.232169999999999987e-01,-7.391299999999999537e-01,-6.412210000000000409e-01,3.617020000000000235e-01,1.000000000000000000e+00,2.480000000000000071e+01
-6.291389999999999483e-02,-7.862799999999999789e-01,-1.000000000000000000e+00,2.932549999999999879e-01,-1.000000000000000000e+00,3.497939999999999938e-01,2.136419999999999986e-01,8.784760000000000346e-01,-7.514750000000000041e-01,1.000000000000000000e+00,8.282439999999999802e-01,6.170210000000000417e-01,-9.679259999999999531e-01,1.490000000000000036e+01
-6.594919999999999671e-01,-9.940870000000000539e-01,-1.000000000000000000e+00,-3.079180000000000250e-01,-1.000000000000000000e+00,-3.456790000000000140e-01,3.659699999999999759e-02,6.457260000000000222e-01,-6.120360000000000245e-01,-7.391299999999999537e-01,-5.534350000000000103e-01,2.340430000000000010e-01,9.822990000000000332e-01,2.160000000000000142e+01
-8.360929999999999751e-01,-9.993290000000000228e-01,5.999999999999999778e-01,-6.708210000000000006e-01,-1.000000000000000000e+00,-8.930040000000000200e-01,1.760869999999999935e-01,-5.777550000000000185e-01,-2.748680000000000012e-01,-7.391299999999999537e-01,-7.786260000000000403e-01,4.042549999999999755e-01,1.000000000000000000e+00,2.789999999999999858e+01
-3.863130000000000036e-02,-9.968930000000000291e-01,-7.500000000000000000e-01,-4.567450000000000121e-01,-1.000000000000000000e+00,-4.279839999999999756e-01,5.748230000000000223e-04,9.196699999999999875e-01,-1.232260000000000022e-01,-6.521740000000000315e-01,-5.267180000000000195e-01,-4.468090000000000117e-01,1.000000000000000000e+00,2.710000000000000142e+01
-4.343270000000000186e-01,-9.776070000000000038e-01,-1.000000000000000000e+00,-4.369500000000000051e-01,-1.000000000000000000e+00,-3.703699999999999770e-01,1.929490000000000094e-01,7.384140000000000148e-01,-4.344950000000000201e-01,-7.391299999999999537e-01,-5.419850000000000501e-01,7.872339999999999893e-01,9.159310000000000507e-01,2.100000000000000000e+01
-4.265999999999999792e-01,-9.748170000000000446e-01,-1.000000000000000000e+00,4.017600000000000060e-01,1.000000000000000000e+00,1.000000000000000000e+00,-4.439549999999999885e-01,7.528319999999999457e-01,-9.125940000000000163e-01,-6.521740000000000315e-01,-1.755730000000000068e-01,-5.531909999999999883e-01,7.295880000000000143e-01,1.530000000000000071e+01
-5.110379999999999923e-01,-9.991769999999999818e-01,-4.400000000000000022e-01,6.891500000000000403e-02,-1.000000000000000000e+00,-6.748969999999999692e-01,3.008239999999999872e-02,5.324410000000000531e-01,-5.479819999999999691e-01,-7.391299999999999537e-01,-6.832059999999999800e-01,1.914889999999999926e-01,1.000000000000000000e+00,2.060000000000000142e+01
2.279249999999999887e-01,-9.916949999999999932e-01,-1.000000000000000000e+00,-2.573309999999999764e-01,1.000000000000000000e+00,-5.720159999999999689e-01,-2.937339999999999951e-01,7.651909999999999545e-01,-5.388880000000000337e-01,-7.391299999999999537e-01,-6.564889999999999892e-01,2.765960000000000085e-01,9.916279999999999539e-01,1.930000000000000071e+01
-7.323399999999999910e-01,-9.764500000000000401e-01,-1.000000000000000000e+00,-4.369500000000000051e-01,-1.000000000000000000e+00,-3.703699999999999770e-01,-9.024719999999999964e-02,-4.562309999999999977e-01,-3.872820000000000151e-01,-7.391299999999999537e-01,-5.419850000000000501e-01,7.872339999999999893e-01,9.493169999999999664e-01,2.310000000000000142e+01
4.089400000000000257e-01,-9.914349999999999552e-01,-1.000000000000000000e+00,8.467740000000000267e-01,-1.000000000000000000e+00,-1.934160000000000046e-01,-2.136419999999999986e-01,9.093719999999999581e-01,-8.858589999999999520e-01,-9.130430000000000490e-01,-9.961830000000000407e-01,3.829790000000000139e-01,8.103280000000000483e-01,1.569999999999999929e+01
-6.429359999999999520e-01,-9.992579999999999796e-01,-1.000000000000000000e+00,-7.837239999999999762e-01,-1.000000000000000000e+00,-5.720159999999999689e-01,8.986399999999999944e-02,4.624099999999999877e-01,-6.430810000000000137e-01,-9.130430000000000490e-01,-6.832059999999999800e-01,1.063830000000000053e-01,9.831060000000000354e-01,2.200000000000000000e+01
-5.684329999999999661e-01,-9.973840000000000483e-01,-1.000000000000000000e+00,-5.271259999999999835e-01,-1.000000000000000000e+00,-7.407409999999999828e-01,-3.889630000000000171e-02,-2.358389999999999931e-01,-1.649829999999999908e-01,-8.260870000000000157e-01,-8.244270000000000209e-01,1.276599999999999957e-01,9.621260000000000367e-01,2.119999999999999929e+01
6.699779999999999625e-01,-4.921699999999999964e-01,-1.000000000000000000e+00,2.932549999999999879e-01,-1.000000000000000000e+00,2.962960000000000038e-01,-4.485529999999999795e-01,7.837279999999999802e-01,-9.292890000000000317e-01,1.000000000000000000e+00,8.282439999999999802e-01,6.170210000000000417e-01,1.000000000000000000e+00,7.400000000000000355e+00
-6.986750000000000460e-01,-9.983490000000000419e-01,-2.000000000000000111e-01,-5.637830000000000341e-01,-1.000000000000000000e+00,-7.448559999999999626e-01,1.193720000000000059e-01,-3.985580000000000234e-01,-4.524460000000000148e-01,-7.391299999999999537e-01,-7.442750000000000199e-01,6.382980000000000598e-02,1.000000000000000000e+00,2.910000000000000142e+01
-8.774830000000000130e-01,-9.926909999999999901e-01,-1.000000000000000000e+00,-5.791789999999999994e-01,-1.000000000000000000e+00,-4.979419999999999957e-01,7.957459999999999534e-01,3.903190000000000270e-01,-5.412709999999999466e-01,-3.913039999999999852e-01,-5.419850000000000501e-01,2.127659999999999968e-02,9.094759999999999511e-01,4.829999999999999716e+01
-4.729579999999999895e-01,-9.838259999999999783e-01,-1.000000000000000000e+00,-4.369500000000000051e-01,-1.000000000000000000e+00,-3.703699999999999770e-01,-1.699559999999999960e-01,3.717820000000000014e-01,-5.149719999999999853e-01,-7.391299999999999537e-01,-5.419850000000000501e-01,7.872339999999999893e-01,9.699929999999999941e-01,1.819999999999999929e+01
-9.492269999999999874e-02,-8.933109999999999662e-01,-1.000000000000000000e+00,2.932549999999999879e-01,-1.000000000000000000e+00,3.497939999999999938e-01,1.358499999999999985e-01,7.219360000000000221e-01,-7.624419999999999531e-01,1.000000000000000000e+00,8.282439999999999802e-01,6.170210000000000417e-01,-7.448179999999999801e-01,1.409999999999999964e+01
-7.025390000000000246e-01,-8.977279999999999704e-01,-1.000000000000000000e+00,2.932549999999999879e-01,-1.000000000000000000e+00,3.703699999999999770e-01,-1.000000000000000000e+00,7.507719999999999949e-01,-9.120479999999999698e-01,1.000000000000000000e+00,8.282439999999999802e-01,6.170210000000000417e-01,7.871799999999999908e-01,2.750000000000000000e+01
-8.129140000000000255e-01,-9.863950000000000218e-01,-5.999999999999999778e-01,-7.426690000000000236e-01,-1.000000000000000000e+00,7.818930000000000324e-02,9.708759999999999613e-01,7.301750000000000185e-01,-8.778930000000000344e-01,-6.521740000000000315e-01,-7.061070000000000402e-01,-9.148939999999999850e-01,9.636900000000000466e-01,5.000000000000000000e+01
6.048569999999999780e-01,-9.944349999999999579e-01,-1.000000000000000000e+00,-5.271259999999999835e-01,-1.000000000000000000e+00,-7.407409999999999828e-01,-2.956509999999999971e-01,9.031930000000000236e-01,-1.378659999999999886e-01,-8.260870000000000157e-01,-8.244270000000000209e-01,1.276599999999999957e-01,1.000000000000000000e+00,1.440000000000000036e+01
-5.375280000000000058e-01,-9.985640000000000072e-01,-1.000000000000000000e+00,-7.368040000000000145e-01,-1.000000000000000000e+00,-4.855970000000000009e-01,-5.767390000000000017e-02,-8.753859999999999419e-02,-5.589119999999999644e-01,-6.521740000000000315e-01,-5.839689999999999603e-01,-1.489360000000000128e-01,9.814920000000000311e-01,2.319999999999999929e+01
-6.903970000000000384e-01,-9.986310000000000464e-01,-1.000000000000000000e+00,-7.961880000000000068e-01,-1.000000000000000000e+00,-6.913580000000000281e-01,6.227250000000000146e-02,-7.054580000000000295e-01,-2.570629999999999860e-01,-7.391299999999999537e-01,-7.251910000000000300e-02,-8.510639999999999872e-02,8.906150000000000455e-01,2.260000000000000142e+01
-8.035320000000000240e-01,-9.220420000000000282e-01,-1.000000000000000000e+00,2.932549999999999879e-01,1.000000000000000000e+00,3.703699999999999770e-01,1.000000000000000000e+00,6.477859999999999729e-01,-8.590330000000000465e-01,1.000000000000000000e+00,8.282439999999999802e-01,6.170210000000000417e-01,7.864240000000000119e-01,2.189999999999999858e+01
-5.739509999999999890e-01,-9.985939999999999817e-01,-1.000000000000000000e+00,-8.533720000000000194e-01,-1.000000000000000000e+00,-5.761319999999999775e-01,-1.015519999999999964e-02,2.214210000000000067e-01,-7.329609999999999737e-01,-8.260870000000000157e-01,-9.770990000000000508e-01,1.063830000000000053e-01,1.000000000000000000e+00,3.620000000000000284e+01
