   0.00000   -0.60000   -0.85530   -0.75000   -0.67338    0.19048   -0.66667   26.00000
  -1.00000    1.00000    0.99483    0.89130    0.55429   -0.88095   -1.00000   14.00000
  -1.00000    1.00000    0.71576    0.13043    0.91891   -0.28571   -0.50000   11.00000
  -1.00000    0.20000   -0.15246   -0.52174   -0.06323    0.21429    0.50000   20.20000
   1.00000    0.20000   -0.48320   -0.23913   -0.27020   -0.45238    0.83333   25.40000
  -1.00000   -0.60000   -0.62791   -0.54348   -0.28721    0.20238    0.66667   26.40000
  -1.00000   -0.60000   -0.84496   -0.59783   -0.73802   -0.05952    0.16667   33.50000
   1.00000   -0.60000   -0.98450   -0.79348   -0.90927    0.30952   -0.83333   31.00000
  -1.00000    0.20000   -0.15246   -0.52174   -0.16530    0.14286    0.00000   22.50000
  -1.00000    1.00000    0.71576    0.45652    0.47831   -0.63095    0.16667   16.00000
   0.00000   -0.60000   -0.85013   -0.84783   -0.87468    0.30952   -0.83333   27.00000
  -1.00000   -0.60000   -0.54522   -0.35870   -0.32691   -0.23809    0.66667   27.90000
  -1.00000    1.00000    0.21964    0.13043    0.03204   -0.52381   -1.00000   16.00000
   0.00000   -0.60000   -0.85013   -0.65217   -0.61043   -0.22619   -0.33333   26.00000
  -1.00000    0.20000   -0.01809   -0.30435    0.20045    0.30952   -0.16667   15.00000
  -1.00000    1.00000    0.29199    0.13043    0.61270   -0.34524   -0.33333   14.00000
  -1.00000   -0.60000   -0.62791   -0.56522   -0.33258   -0.09524    1.00000   27.00000
  -1.00000    1.00000    0.45736    0.34783    0.44712   -0.59524    0.16667   15.50000
  -1.00000    1.00000    0.20930    0.02174    0.43351   -0.28571   -0.33333   16.00000
  -1.00000    1.00000    0.71576    0.13043    0.21803   -0.82143   -1.00000   15.00000
  -1.00000    1.00000    0.62791    0.45652    0.89510   -0.58333   -0.83333   12.00000
   1.00000   -0.60000   -0.89147   -0.84783   -0.79870    0.28571    0.66667   38.10000
  -1.00000    1.00000    0.45736    0.45652    0.63652   -0.46429   -0.50000   12.00000
  -1.00000    1.00000    0.20930   -0.08696    0.52084   -0.17857    0.16667   15.00000
  -1.00000   -0.60000   -0.84496   -0.78261   -0.89396   -0.23809    0.33333   36.10000
  -1.00000    1.00000    0.86563    0.65217    0.89339   -0.58333   -0.50000   12.00000
   1.00000   -0.60000   -0.88114   -0.92391   -0.89680    0.13095   -0.16667   33.00000
   1.00000   -0.60000   -0.79328   -0.73913   -0.64162    0.05952    1.00000   34.00000
  -1.00000    1.00000    0.45736   -0.14130    0.29685    0.11905    0.50000   23.00000
   0.00000   -0.60000   -0.88630   -0.68478   -0.71931   -0.10714   -0.33333   24.00000
   0.00000   -0.60000   -0.59690   -0.77174   -0.07173    0.64286    0.66667   30.00000
   1.00000   -0.60000   -0.73127   -0.44565   -0.50326   -0.16667   -0.33333   24.00000
  -1.00000   -0.60000   -0.54522   -0.35870   -0.35809    0.03571    0.33333   23.20000
   0.00000   -0.60000   -0.85013   -0.65217   -0.81457   -0.22619    0.16667   29.00000
   1.00000   -0.60000   -0.88114   -0.92391   -0.89680    0.11905    0.00000   33.00000
  -1.00000    1.00000    0.21964    0.13043    0.16757   -0.58333   -0.50000   14.00000
  -1.00000    1.00000    0.23514   -0.08696    0.40913   -0.28571   -0.66667   13.00000
   1.00000   -0.60000   -0.85013   -0.54348   -0.62234    0.30952   -0.50000   20.00000
  -1.00000   -0.60000   -0.91215   -0.93478   -0.76070    0.69048    0.00000   29.00000
  -1.00000    0.20000   -0.05943   -0.65217    0.11199    0.54762    0.00000   18.00000
   0.00000   -0.60000   -0.88630   -0.72826   -0.65410    0.01190   -0.16667   25.00000
  -1.00000    0.20000   -0.41602   -0.30435   -0.24468   -0.00000    1.00000   25.00000
   1.00000    0.20000   -0.54522   -0.32609   -0.25319   -0.10714    0.00000   19.00000
  -1.00000    1.00000    0.29199    0.13043    0.40799   -0.40476   -0.83333   14.00000
   1.00000   -0.60000   -0.73643   -0.44565   -0.61043   -0.20238    0.33333   27.20000
  -1.00000    0.20000   -0.18863   -0.35870    0.13411    0.01190   -0.33333   18.00000
  -1.00000    0.20000   -0.31783   -0.54348   -0.17947    0.08333    0.83333   20.20000
  -1.00000    0.20000   -0.15246   -0.52174   -0.09441    0.09524    0.33333   19.40000
  -1.00000    1.00000    0.21964    0.13043    0.49929   -0.10714   -0.33333   14.00000
  -1.00000    1.00000    0.46253    0.04348    0.38418   -0.25000    0.50000   15.50000
   1.00000   -0.60000   -0.94315   -0.86956   -0.91948    0.05952    0.83333   39.10000
  -1.00000    1.00000    0.20930   -0.09783   -0.11766   -0.52381   -0.16667   13.00000
  -1.00000    0.20000   -0.32816   -0.46739   -0.30819   -0.10714   -1.00000   22.00000
  -1.00000    0.20000   -0.15762   -0.25000   -0.07457   -0.11905    0.50000   21.50000
  -1.00000   -0.60000   -0.80879   -0.73913   -0.66714   -0.38095    0.50000   34.20000
  -1.00000    1.00000    0.46253    0.11957    0.54352   -0.22619    0.16667   16.00000
   0.00000   -0.60000   -0.89147   -0.72826   -0.82308   -0.28571    0.50000   31.90000
   1.00000   -0.60000   -0.79845   -0.68478   -0.66430   -0.22619    1.00000   36.00000
   1.00000   -0.60000   -0.85013   -0.54348   -0.70683   -0.22619   -0.83333   27.00000
  -1.00000    0.20000    0.00258   -0.57609   -0.20499    0.07143    1.00000   38.00000
   1.00000   -0.60000   -0.95866   -0.93478   -0.97959    0.01190   -0.33333   31.00000
  -1.00000    1.00000    0.20930    0.02174    0.52027   -0.04762   -0.66667   13.00000
  -1.00000    1.00000    0.71576    1.00000    0.51120   -0.82143   -0.50000   16.00000
  -1.00000    1.00000    0.71576    0.56522    0.53785   -0.50000    0.16667   15.50000
  -1.00000    1.00000    0.29199    0.13043    0.03374   -0.64286   -1.00000   18.00000
   0.00000   -0.60000   -0.88630   -0.73913   -0.81627   -0.26190    0.00000   29.00000
   1.00000   -0.60000   -0.91215   -0.73913   -0.81174    0.04762    0.16667   33.50000
  -1.00000   -0.60000   -0.57106   -0.57609   -0.29572    0.14286    0.33333   23.80000
   1.00000   -1.00000   -0.98966   -0.44565   -0.59342   -0.34524   -0.66667   19.00000
   1.00000    0.20000   -0.54522   -0.17391   -0.32294   -0.34524   -0.50000   20.00000
   1.00000   -0.60000   -0.73643   -0.41304   -0.43181   -0.19048    0.83333   32.90000
  -1.00000   -0.60000   -0.57106   -0.52174   -0.24185    0.10714    1.00000   27.00000
  -1.00000   -0.60000   -0.72093   -0.56522   -0.65580   -0.28571   -0.83333   23.00000
  -1.00000   -0.60000   -0.65375   -0.58696   -0.50269   -0.08333    0.83333   27.20000
  -1.00000    0.20000   -0.01809   -0.30435    0.14488    0.19048   -0.33333   16.00000
   0.00000    0.20000   -0.60207   -0.67391   -0.12277    0.38095    0.83333   30.70000
   1.00000   -0.60000   -0.85013   -0.68478   -0.68358   -0.04762   -0.16667   29.00000
   1.00000   -0.60000   -0.91215   -0.73913   -0.74086    0.26190    0.33333   39.40000
  -1.00000   -0.60000   -0.62791   -0.71739   -0.55316    0.36905   -0.50000   21.00000
   0.00000   -0.20000   -0.67442   -0.38043   -0.30989   -0.05952    0.33333   20.30000
  -1.00000    0.20000   -0.05943   -0.30435    0.08137   -0.00000    0.16667   17.50000
  -1.00000    1.00000    0.29199    0.13043    0.48795   -0.22619   -0.50000   14.00000
  -1.00000    0.20000   -0.01809   -0.19565    0.01900   -0.15476    0.33333   18.10000
  -1.00000   -0.60000   -0.84496   -0.63044   -0.68755   -0.16667   -0.66667   28.00000
  -1.00000    1.00000    0.71576    0.13043    0.61667   -0.52381   -0.50000   13.00000
   0.00000   -0.60000   -0.75194   -0.61956   -0.65580    0.05952    0.00000   25.00000
   1.00000   -0.60000   -0.90698   -0.79348   -0.71817    0.17857    0.66667   46.60000
   1.00000   -0.60000   -0.76744   -0.46739   -0.56961   -0.16667   -1.00000   24.00000
  -1.00000    1.00000    0.21964    0.13043    0.29232   -0.46429   -0.66667   15.00000
  -1.00000    1.00000    0.22481   -0.08696    0.26283   -0.11905    0.50000   17.00000
  -1.00000    0.20000   -0.15246   -0.41304   -0.33314   -0.16667   -0.50000   18.00000
  -1.00000   -0.60000   -0.62791   -0.50000   -0.29005   -0.00000    1.00000   24.00000
  -1.00000    1.00000    0.45736    0.13043    0.74993   -0.22619   -0.33333   13.00000
   0.00000   -0.60000   -0.89147   -0.82609   -0.86844   -0.13095    0.66667   29.80000
  -1.00000   -0.60000   -0.80879   -0.81522   -0.65863   -0.17857    0.83333   34.70000
  -1.00000    0.20000   -0.05943   -0.54348   -0.13467   -0.22619   -0.83333   18.00000
   0.00000   -0.60000   -0.72610   -0.30435   -0.40629   -0.28571   -0.50000   24.00000
   1.00000   -0.60000   -0.85013   -0.54348   -0.72384    0.01190   -0.66667   27.00000
  -1.00000   -0.60000   -0.77261   -0.54348   -0.55656    0.19048    1.00000   34.00000
  -1.00000    0.20000   -0.15246   -0.52174   -0.09385    0.07143   -0.16667   19.00000
   1.00000    0.20000   -0.59690   -0.44565   -0.31840   -0.22619    0.16667   22.00000
  -1.00000    0.20000   -0.05943   -0.41304    0.22937    0.07143   -0.33333   16.00000
   1.00000   -0.60000   -0.90698   -0.79348   -0.79473   -0.14286    0.50000   34.10000
  -1.00000   -0.60000   -0.84496   -0.84783   -0.68755    0.67857    0.00000   24.50000
   1.00000   -0.60000   -0.88114   -0.77174   -0.86561   -0.30952    0.66667   44.60000
  -1.00000    0.20000   -0.18863   -0.46739    0.23164    0.30952   -0.16667   18.00000
   0.00000   -0.60000   -0.79845   -0.52174   -0.53672   -0.22619   -1.00000   24.00000
  -1.00000    1.00000    0.20930    0.02174    0.04111   -0.70238   -1.00000   17.00000
  -1.00000    0.20000   -0.05943   -0.35870    0.29515    0.25000   -0.16667   16.00000
   0.00000   -0.60000   -0.75711   -0.46739   -0.38701   -0.16667   -0.16667   23.00000
  -1.00000   -0.60000   -0.57106   -0.52174   -0.46527   -0.38095    0.50000   33.50000
  -1.00000   -0.60000   -0.80879   -0.81522   -0.70967   -0.20238    1.00000   38.00000
   1.00000   -0.60000   -0.79328   -0.68478   -0.58208    0.04762    0.83333   32.40000
   0.00000   -0.60000   -0.94315   -0.77174   -0.80153   -0.10714   -0.33333   26.00000
   0.00000   -0.60000   -0.88630   -0.97826   -0.73235    0.63095    0.66667   44.30000
  -1.00000   -0.60000   -0.80879   -0.68478   -0.65013   -0.22619    0.33333   30.90000
   1.00000    0.20000   -0.48320   -0.06522   -0.26453   -0.59524    0.66667   32.70000
  -1.00000    1.00000    0.46253    0.16304    0.44089   -0.34524   -0.83333   14.00000
   0.00000   -0.60000   -0.85013   -0.65217   -0.67394   -0.07143    0.66667   34.30000
   0.00000   -0.60000   -0.94315   -0.73913   -0.73859    0.36905   -0.83333   30.00000
   0.00000   -0.60000   -0.94315   -0.77174   -0.78055   -0.04762   -0.33333   31.00000
  -1.00000   -0.60000   -0.54522   -0.50000   -0.42898   -0.23809    0.83333   25.80000
   7.00000    1.00000    2.00000    3.00000    4.00000    5.00000    6.00000    0.00000
   1.00000   -0.60000   -0.84496   -0.76087   -0.75503    0.25000    0.16667   31.50000
  -1.00000   -0.60000   -0.77261   -0.57609   -0.45449   -0.02381    1.00000   31.00000
  -1.00000    1.00000    0.46253    0.10870    0.72611   -0.34524   -0.16667   14.00000
   1.00000   -0.60000   -0.89147   -0.82609   -0.75220    0.10714    0.83333   37.70000
  -1.00000   -0.60000   -0.84496   -0.63044   -0.82875   -0.23809    0.50000   35.70000
   1.00000   -0.60000   -0.91215   -0.79348   -0.79473    0.35714    0.83333   37.00000
  -1.00000    0.20000   -0.15246   -0.28261   -0.30706   -0.20238    1.00000   22.00000
  -1.00000    1.00000    0.45736    0.45652    0.16303   -0.64286   -0.50000   11.00000
   0.00000   -0.60000   -0.75194   -0.68478   -0.69095   -0.10714   -0.50000   24.00000
  -1.00000    1.00000    0.86563    0.76087    0.71250   -0.64286   -0.66667   11.00000
   1.00000   -0.60000   -0.85013   -0.77174   -0.69833    0.19048    0.66667   33.80000
  -1.00000    0.20000   -0.05943   -0.54348   -0.04225   -0.10714   -0.83333   19.00000
  -1.00000   -0.60000   -0.62791   -0.65217   -0.44485    0.25000   -0.16667   23.00000
  -1.00000    1.00000    0.92248    0.83696    0.53048   -0.94048   -1.00000   14.00000
