0.000000000000000000e+00,-5.999999999999999778e-01,-8.966410000000000213e-01,-6.739129999999999843e-01,-7.436920000000000197e-01,-2.261900000000000022e-01,-8.333329999999999904e-01,3.000000000000000000e+01
0.000000000000000000e+00,-5.999999999999999778e-01,-8.087860000000000049e-01,-6.956520000000000481e-01,-7.918910000000000116e-01,-1.309520000000000128e-01,1.000000000000000000e+00,3.600000000000000000e+01
1.000000000000000000e+00,2.000000000000000111e-01,-5.968989999999999574e-01,-4.456519999999999926e-01,-3.184009999999999896e-01,-2.261900000000000022e-01,1.666670000000000096e-01,2.200000000000000000e+01
-1.000000000000000000e+00,1.000000000000000000e+00,6.640829999999999789e-01,5.652169999999999694e-01,2.685000000000000164e-01,-9.404759999999999787e-01,-1.000000000000000000e+00,1.500000000000000000e+01
0.000000000000000000e+00,-5.999999999999999778e-01,-7.519379999999999953e-01,-6.847830000000000306e-01,-6.410550000000000415e-01,-2.857140000000000235e-01,-3.333329999999999904e-01,2.600000000000000000e+01
-1.000000000000000000e+00,1.000000000000000000e+00,2.093019999999999881e-01,-8.695650000000000601e-02,2.798410000000000064e-01,-1.666670000000000096e-01,0.000000000000000000e+00,1.300000000000000000e+01
0.000000000000000000e+00,-5.999999999999999778e-01,-7.260980000000000212e-01,-3.043480000000000074e-01,-4.403179999999999872e-01,-4.285709999999999797e-01,1.666670000000000096e-01,2.150000000000000000e+01
-1.000000000000000000e+00,1.000000000000000000e+00,9.224809999999999954e-01,8.369569999999999510e-01,5.304790000000000338e-01,-9.404759999999999787e-01,-1.000000000000000000e+00,1.400000000000000000e+01
0.000000000000000000e+00,-5.999999999999999778e-01,-7.519379999999999953e-01,-5.217389999999999528e-01,-7.108020000000000449e-01,-2.857140000000000235e-01,-8.333329999999999904e-01,2.800000000000000000e+01
0.000000000000000000e+00,-5.999999999999999778e-01,-9.431519999999999904e-01,-7.717389999999999528e-01,-7.805499999999999661e-01,-4.761900000000000160e-02,-3.333329999999999904e-01,3.100000000000000000e+01
1.000000000000000000e+00,-5.999999999999999778e-01,-7.984499999999999931e-01,-7.173910000000000009e-01,-6.161039999999999850e-01,7.142859999999999487e-02,6.666670000000000096e-01,3.239999999999999858e+01
-1.000000000000000000e+00,-5.999999999999999778e-01,-6.279069999999999929e-01,-5.978259999999999685e-01,-4.182020000000000182e-01,7.142859999999999487e-02,-1.666670000000000096e-01,2.300000000000000000e+01
-1.000000000000000000e+00,1.000000000000000000e+00,4.573639999999999928e-01,3.478260000000000240e-01,4.471220000000000194e-01,-5.952380000000000448e-01,1.666670000000000096e-01,1.550000000000000000e+01
1.000000000000000000e+00,-5.999999999999999778e-01,-6.589150000000000285e-01,-4.673910000000000009e-01,-4.630000000000000226e-01,-2.619049999999999989e-01,3.333329999999999904e-01,2.750000000000000000e+01
-1.000000000000000000e+00,-5.999999999999999778e-01,-8.087860000000000049e-01,-8.152169999999999694e-01,-6.586330000000000240e-01,-1.785710000000000075e-01,8.333329999999999904e-01,3.470000000000000284e+01
1.000000000000000000e+00,-5.999999999999999778e-01,-8.501290000000000235e-01,-5.434780000000000166e-01,-7.238449999999999607e-01,1.190480000000000010e-02,-6.666670000000000096e-01,2.700000000000000000e+01
0.000000000000000000e+00,-5.999999999999999778e-01,-7.260980000000000212e-01,-2.826089999999999991e-01,-2.883470000000000200e-01,-1.071430000000000021e-01,-5.000000000000000000e-01,1.900000000000000000e+01
0.000000000000000000e+00,-5.999999999999999778e-01,-7.312659999999999716e-01,-5.434780000000000166e-01,-2.378790000000000071e-01,7.142859999999999487e-02,-1.666670000000000096e-01,2.300000000000000000e+01
-1.000000000000000000e+00,1.000000000000000000e+00,2.919900000000000273e-01,7.826089999999999991e-01,5.701730000000000409e-01,-3.452379999999999893e-01,-1.000000000000000000e+00,1.100000000000000000e+01
0.000000000000000000e+00,-5.999999999999999778e-01,-8.501290000000000235e-01,-6.521740000000000315e-01,-8.145729999999999915e-01,-2.261900000000000022e-01,1.666670000000000096e-01,2.900000000000000000e+01
0.000000000000000000e+00,-5.999999999999999778e-01,-7.260980000000000212e-01,-2.500000000000000000e-01,-4.000569999999999959e-01,-3.452379999999999893e-01,-1.666670000000000096e-01,2.500000000000000000e+01
-1.000000000000000000e+00,1.000000000000000000e+00,4.573639999999999928e-01,2.934780000000000166e-01,4.720730000000000204e-01,-5.238099999999999978e-01,-8.333329999999999904e-01,1.400000000000000000e+01
0.000000000000000000e+00,-5.999999999999999778e-01,-8.863050000000000095e-01,-7.282610000000000472e-01,-6.540970000000000395e-01,1.190480000000000010e-02,-1.666670000000000096e-01,2.500000000000000000e+01
-1.000000000000000000e+00,1.000000000000000000e+00,4.573639999999999928e-01,1.847830000000000028e-01,5.576980000000000270e-01,-1.785710000000000075e-01,5.000000000000000000e-01,1.689999999999999858e+01
1.000000000000000000e+00,-5.999999999999999778e-01,-9.586559999999999526e-01,-9.347830000000000306e-01,-9.795859999999999568e-01,1.190480000000000010e-02,-3.333329999999999904e-01,3.100000000000000000e+01
1.000000000000000000e+00,-5.999999999999999778e-01,-9.224809999999999954e-01,-8.369569999999999510e-01,-7.788490000000000135e-01,3.095240000000000213e-01,-3.333329999999999904e-01,3.200000000000000000e+01
-1.000000000000000000e+00,2.000000000000000111e-01,-1.808790000000000051e-02,-3.043480000000000074e-01,-2.350440000000000029e-01,-3.452379999999999893e-01,-8.333329999999999904e-01,1.800000000000000000e+01
-1.000000000000000000e+00,-5.999999999999999778e-01,-6.279069999999999929e-01,-5.434780000000000166e-01,-3.722710000000000186e-01,-1.190480000000000010e-01,3.333329999999999904e-01,2.510000000000000142e+01
-1.000000000000000000e+00,1.000000000000000000e+00,4.573639999999999928e-01,7.608700000000000185e-02,3.467540000000000067e-01,-4.047620000000000107e-01,-5.000000000000000000e-01,1.300000000000000000e+01
1.000000000000000000e+00,2.000000000000000111e-01,-4.832040000000000224e-01,-2.391300000000000092e-01,-2.702010000000000245e-01,-4.523809999999999776e-01,8.333329999999999904e-01,2.539999999999999858e+01
-1.000000000000000000e+00,1.000000000000000000e+00,2.093019999999999881e-01,-1.086960000000000010e-02,3.773750000000000160e-01,-2.261900000000000022e-01,-5.000000000000000000e-01,1.400000000000000000e+01
-1.000000000000000000e+00,1.000000000000000000e+00,4.625319999999999987e-01,1.521740000000000037e-01,4.754749999999999810e-01,-4.285709999999999797e-01,0.000000000000000000e+00,1.450000000000000000e+01
1.000000000000000000e+00,-5.999999999999999778e-01,-8.449609999999999621e-01,-7.608700000000000463e-01,-7.039980000000000127e-01,2.380950000000000080e-02,3.333329999999999904e-01,2.950000000000000000e+01
-1.000000000000000000e+00,-5.999999999999999778e-01,-6.279069999999999929e-01,-5.217389999999999528e-01,-6.308479999999999643e-01,-1.071430000000000021e-01,-8.333329999999999904e-01,2.800000000000000000e+01
1.000000000000000000e+00,-5.999999999999999778e-01,-8.811369999999999481e-01,-7.717389999999999528e-01,-8.656080000000000441e-01,-3.095240000000000213e-01,6.666670000000000096e-01,4.460000000000000142e+01
0.000000000000000000e+00,-5.999999999999999778e-01,-7.260980000000000212e-01,-2.826089999999999991e-01,-2.514890000000000181e-01,-2.261900000000000022e-01,-6.666670000000000096e-01,1.800000000000000000e+01
1.000000000000000000e+00,-5.999999999999999778e-01,-7.312659999999999716e-01,-6.956520000000000481e-01,-4.204709999999999837e-01,2.261900000000000022e-01,8.333329999999999904e-01,3.160000000000000142e+01
0.000000000000000000e+00,-2.000000000000000111e-01,-7.260980000000000212e-01,-7.717389999999999528e-01,-2.418490000000000084e-01,4.166670000000000096e-01,6.666670000000000096e-01,3.639999999999999858e+01
-1.000000000000000000e+00,1.000000000000000000e+00,2.093019999999999881e-01,-9.782609999999999917e-02,1.976179999999999881e-01,-3.571429999999999882e-01,5.000000000000000000e-01,1.760000000000000142e+01
-1.000000000000000000e+00,1.000000000000000000e+00,2.093019999999999881e-01,2.173910000000000078e-02,5.202719999999999567e-01,-4.761900000000000160e-02,-6.666670000000000096e-01,1.300000000000000000e+01
1.000000000000000000e+00,-5.999999999999999778e-01,-8.914729999999999599e-01,-8.478259999999999685e-01,-7.986959999999999615e-01,2.857140000000000235e-01,6.666670000000000096e-01,3.810000000000000142e+01
-1.000000000000000000e+00,1.000000000000000000e+00,4.625319999999999987e-01,1.195650000000000046e-01,5.435210000000000319e-01,-2.261900000000000022e-01,1.666670000000000096e-01,1.600000000000000000e+01
-1.000000000000000000e+00,2.000000000000000111e-01,-3.178289999999999726e-01,-5.760870000000000157e-01,-2.333429999999999949e-01,-7.142859999999999487e-02,3.333329999999999904e-01,2.019999999999999929e+01
-1.000000000000000000e+00,1.000000000000000000e+00,2.919900000000000273e-01,1.304349999999999954e-01,4.301110000000000211e-01,-3.452379999999999893e-01,-6.666670000000000096e-01,1.500000000000000000e+01
-1.000000000000000000e+00,-5.999999999999999778e-01,-8.863050000000000095e-01,-6.847830000000000306e-01,-7.096679999999999655e-01,-2.261900000000000022e-01,-3.333329999999999904e-01,2.800000000000000000e+01
1.000000000000000000e+00,-5.999999999999999778e-01,-6.589150000000000285e-01,-4.565219999999999834e-01,-3.824779999999999847e-01,-3.452379999999999893e-01,-1.666670000000000096e-01,2.400000000000000000e+01
-1.000000000000000000e+00,-5.999999999999999778e-01,-6.279069999999999929e-01,-6.847830000000000306e-01,-4.732069999999999887e-01,7.142859999999999487e-02,-3.333329999999999904e-01,2.500000000000000000e+01
-1.000000000000000000e+00,1.000000000000000000e+00,2.583980000000000044e-03,-3.043480000000000074e-01,-8.817690000000000250e-02,-3.452379999999999893e-01,-1.666670000000000096e-01,2.000000000000000000e+01
-1.000000000000000000e+00,2.000000000000000111e-01,-4.573639999999999928e-01,-3.043480000000000074e-01,-3.694359999999999866e-01,-4.523809999999999776e-01,8.333329999999999904e-01,2.350000000000000000e+01
0.000000000000000000e+00,-5.999999999999999778e-01,-8.139530000000000376e-01,-4.673910000000000009e-01,-5.679049999999999931e-01,1.309520000000000128e-01,-1.000000000000000000e+00,2.500000000000000000e+01
0.000000000000000000e+00,-5.999999999999999778e-01,-8.863050000000000095e-01,-9.782610000000000472e-01,-7.323499999999999455e-01,6.309519999999999573e-01,6.666670000000000096e-01,4.429999999999999716e+01
0.000000000000000000e+00,-5.999999999999999778e-01,-8.501290000000000235e-01,-6.521740000000000315e-01,-6.728100000000000191e-01,-2.738099999999999978e-01,1.666670000000000096e-01,3.050000000000000000e+01
-1.000000000000000000e+00,-5.999999999999999778e-01,-6.537469999999999670e-01,-5.869569999999999510e-01,-5.622340000000000115e-01,-4.166670000000000096e-01,8.333329999999999904e-01,3.000000000000000000e+01
0.000000000000000000e+00,-5.999999999999999778e-01,-8.914729999999999599e-01,-7.282610000000000472e-01,-7.862209999999999477e-01,-1.785710000000000075e-01,3.333329999999999904e-01,3.150000000000000000e+01
-1.000000000000000000e+00,2.000000000000000111e-01,-1.886299999999999921e-01,-4.130429999999999935e-01,-8.137229999999999464e-02,-1.190480000000000010e-01,0.000000000000000000e+00,2.200000000000000000e+01
-1.000000000000000000e+00,1.000000000000000000e+00,2.248060000000000058e-01,7.608700000000000185e-02,2.750210000000000155e-02,-3.809520000000000128e-01,3.333329999999999904e-01,1.919999999999999929e+01
1.000000000000000000e+00,-1.000000000000000000e+00,-9.379840000000000400e-01,-3.043480000000000074e-01,-3.722710000000000186e-01,-3.452379999999999893e-01,1.666670000000000096e-01,2.150000000000000000e+01
-1.000000000000000000e+00,1.000000000000000000e+00,2.093019999999999881e-01,-8.695650000000000601e-02,5.208390000000000519e-01,-1.785710000000000075e-01,1.666670000000000096e-01,1.500000000000000000e+01
0.000000000000000000e+00,-5.999999999999999778e-01,-8.501290000000000235e-01,-1.000000000000000000e+00,-8.089030000000000387e-01,5.476189999999999669e-01,-5.000000000000000000e-01,2.600000000000000000e+01
0.000000000000000000e+00,-5.999999999999999778e-01,-8.501290000000000235e-01,-9.130430000000000490e-01,-6.365180000000000282e-01,8.452380000000000448e-01,-6.666670000000000096e-01,2.300000000000000000e+01
1.000000000000000000e+00,-5.999999999999999778e-01,-8.501290000000000235e-01,-5.434780000000000166e-01,-6.223419999999999508e-01,3.095240000000000213e-01,-5.000000000000000000e-01,2.000000000000000000e+01
1.000000000000000000e+00,2.000000000000000111e-01,-5.452200000000000379e-01,-3.260870000000000157e-01,-2.531900000000000261e-01,-1.071430000000000021e-01,0.000000000000000000e+00,1.900000000000000000e+01
1.000000000000000000e+00,-5.999999999999999778e-01,-7.312659999999999716e-01,-6.847830000000000306e-01,-4.732069999999999887e-01,1.309520000000000128e-01,6.666670000000000096e-01,3.130000000000000071e+01
0.000000000000000000e+00,-5.999999999999999778e-01,-7.260980000000000212e-01,-2.717390000000000083e-01,-6.478589999999999627e-01,-4.642859999999999765e-01,-1.000000000000000000e+00,2.600000000000000000e+01
-1.000000000000000000e+00,1.000000000000000000e+00,7.157620000000000093e-01,3.478260000000000240e-01,7.765809999999999658e-01,-5.238099999999999978e-01,-8.333329999999999904e-01,1.300000000000000000e+01
0.000000000000000000e+00,-5.999999999999999778e-01,-9.431519999999999904e-01,-7.717389999999999528e-01,-8.015309999999999935e-01,-1.071430000000000021e-01,-3.333329999999999904e-01,2.600000000000000000e+01
0.000000000000000000e+00,-5.999999999999999778e-01,-7.984499999999999931e-01,-5.217389999999999528e-01,-5.367169999999999996e-01,-2.261900000000000022e-01,-1.000000000000000000e+00,2.400000000000000000e+01
-1.000000000000000000e+00,2.000000000000000111e-01,-5.943149999999999822e-02,-5.434780000000000166e-01,-4.224549999999999833e-02,-1.071430000000000021e-01,-8.333329999999999904e-01,1.900000000000000000e+01
-1.000000000000000000e+00,1.000000000000000000e+00,5.090440000000000520e-01,4.021739999999999760e-01,2.520560000000000023e-01,-6.428570000000000118e-01,-5.000000000000000000e-01,1.300000000000000000e+01
-1.000000000000000000e+00,-5.999999999999999778e-01,-7.312659999999999716e-01,-6.413039999999999852e-01,-4.261409999999999920e-01,2.619049999999999989e-01,1.000000000000000000e+00,2.800000000000000000e+01
-1.000000000000000000e+00,2.000000000000000111e-01,-1.808790000000000051e-02,-3.043480000000000074e-01,2.004539999999999933e-01,3.095240000000000213e-01,-1.666670000000000096e-01,1.500000000000000000e+01
-1.000000000000000000e+00,2.000000000000000111e-01,-5.943149999999999822e-02,-3.586960000000000148e-01,-1.332580000000000049e-02,-2.261900000000000022e-01,0.000000000000000000e+00,2.200000000000000000e+01
-1.000000000000000000e+00,-5.999999999999999778e-01,-7.209299999999999597e-01,-5.652169999999999694e-01,-6.557979999999999920e-01,-2.857140000000000235e-01,-8.333329999999999904e-01,2.300000000000000000e+01
0.000000000000000000e+00,-5.999999999999999778e-01,-8.501290000000000235e-01,-6.521740000000000315e-01,-6.104340000000000321e-01,-2.261900000000000022e-01,-3.333329999999999904e-01,2.600000000000000000e+01
-1.000000000000000000e+00,-5.999999999999999778e-01,-8.449609999999999621e-01,-7.391299999999999537e-01,-7.125040000000000262e-01,-1.071430000000000021e-01,6.666670000000000096e-01,3.210000000000000142e+01
-1.000000000000000000e+00,-5.999999999999999778e-01,-8.449609999999999621e-01,-6.413039999999999852e-01,-6.359510000000000440e-01,1.547620000000000107e-01,0.000000000000000000e+00,2.600000000000000000e+01
-1.000000000000000000e+00,1.000000000000000000e+00,-7.751939999999999699e-03,-5.217389999999999528e-01,2.466689999999999855e-02,6.904759999999999787e-01,5.000000000000000000e-01,2.389999999999999858e+01
-1.000000000000000000e+00,2.000000000000000111e-01,-1.886299999999999921e-01,-4.130429999999999935e-01,3.033740000000000048e-02,9.523810000000000608e-02,3.333329999999999904e-01,2.050000000000000000e+01
1.000000000000000000e+00,-1.000000000000000000e+00,-9.896639999999999882e-01,-5.217389999999999528e-01,-7.102349999999999497e-01,-3.452379999999999893e-01,-5.000000000000000000e-01,1.800000000000000000e+01
-1.000000000000000000e+00,1.000000000000000000e+00,2.919900000000000273e-01,1.304349999999999954e-01,4.879499999999999948e-01,-2.261900000000000022e-01,-5.000000000000000000e-01,1.400000000000000000e+01
1.000000000000000000e+00,-5.999999999999999778e-01,-6.072349999999999692e-01,-4.565219999999999834e-01,-4.034590000000000121e-01,-2.976190000000000224e-01,1.000000000000000000e+00,3.200000000000000000e+01
1.000000000000000000e+00,-5.999999999999999778e-01,-9.121449999999999836e-01,-7.934780000000000166e-01,-7.181739999999999791e-01,3.333329999999999904e-01,6.666670000000000096e-01,4.079999999999999716e+01
0.000000000000000000e+00,-5.999999999999999778e-01,-8.863050000000000095e-01,-7.391299999999999537e-01,-8.162740000000000551e-01,-2.857140000000000235e-01,-1.666670000000000096e-01,2.900000000000000000e+01
0.000000000000000000e+00,-5.999999999999999778e-01,-7.312659999999999716e-01,-5.434780000000000166e-01,-6.039130000000000192e-02,6.547619999999999552e-01,0.000000000000000000e+00,1.900000000000000000e+01
-1.000000000000000000e+00,1.000000000000000000e+00,7.157620000000000093e-01,1.304349999999999954e-01,6.166709999999999692e-01,-5.238099999999999978e-01,-5.000000000000000000e-01,1.300000000000000000e+01
1.000000000000000000e+00,-5.999999999999999778e-01,-8.449609999999999621e-01,-7.608700000000000463e-01,-7.550329999999999542e-01,2.500000000000000000e-01,1.666670000000000096e-01,3.150000000000000000e+01
0.000000000000000000e+00,-5.999999999999999778e-01,-8.863050000000000095e-01,-6.847830000000000306e-01,-7.193079999999999474e-01,-1.071430000000000021e-01,-3.333329999999999904e-01,2.400000000000000000e+01
-1.000000000000000000e+00,1.000000000000000000e+00,-7.751939999999999699e-03,-3.043480000000000074e-01,3.875819999999999821e-01,3.095240000000000213e-01,1.666670000000000096e-01,1.700000000000000000e+01
-1.000000000000000000e+00,2.000000000000000111e-01,-4.573639999999999928e-01,-2.500000000000000000e-01,-4.431530000000000191e-01,-6.071429999999999882e-01,5.000000000000000000e-01,2.880000000000000071e+01
1.000000000000000000e+00,-5.999999999999999778e-01,-8.501290000000000235e-01,-5.434780000000000166e-01,-7.068330000000000446e-01,-2.261900000000000022e-01,-1.000000000000000000e+00,2.700000000000000000e+01
-1.000000000000000000e+00,1.000000000000000000e+00,1.000000000000000000e+00,9.456520000000000481e-01,8.928270000000000373e-01,-6.428570000000000118e-01,-5.000000000000000000e-01,1.200000000000000000e+01
-1.000000000000000000e+00,2.000000000000000111e-01,-1.886299999999999921e-01,-5.217389999999999528e-01,2.551739999999999824e-03,2.738099999999999978e-01,6.666670000000000096e-01,1.910000000000000142e+01
1.000000000000000000e+00,-5.999999999999999778e-01,-8.811369999999999481e-01,-7.608700000000000463e-01,-7.663739999999999997e-01,2.142860000000000043e-01,1.000000000000000000e+00,3.700000000000000000e+01
-1.000000000000000000e+00,2.000000000000000111e-01,-1.576230000000000131e-01,-3.586960000000000148e-01,2.750210000000000155e-02,5.952380000000000171e-02,1.666670000000000096e-01,2.050000000000000000e+01
1.000000000000000000e+00,-5.999999999999999778e-01,-8.811369999999999481e-01,-7.717389999999999528e-01,-8.003970000000000251e-01,-8.333329999999999904e-02,1.000000000000000000e+00,3.200000000000000000e+01
1.000000000000000000e+00,-5.999999999999999778e-01,-7.932820000000000427e-01,-6.847830000000000306e-01,-6.302809999999999802e-01,-1.428570000000000118e-01,6.666670000000000096e-01,3.220000000000000284e+01
-1.000000000000000000e+00,2.000000000000000111e-01,-1.524550000000000072e-01,-4.130429999999999935e-01,-2.622630000000000239e-01,-4.761900000000000160e-02,-1.666670000000000096e-01,2.000000000000000000e+01
-1.000000000000000000e+00,1.000000000000000000e+00,4.625319999999999987e-01,0.000000000000000000e+00,3.280410000000000270e-01,-3.809520000000000128e-01,5.000000000000000000e-01,1.650000000000000000e+01
-1.000000000000000000e+00,-5.999999999999999778e-01,-8.087860000000000049e-01,-7.391299999999999537e-01,-6.954919999999999991e-01,-1.785710000000000075e-01,5.000000000000000000e-01,3.450000000000000000e+01
-1.000000000000000000e+00,2.000000000000000111e-01,-5.943149999999999822e-02,-4.130429999999999935e-01,2.293729999999999936e-01,7.142859999999999487e-02,-3.333329999999999904e-01,1.600000000000000000e+01
1.000000000000000000e+00,-5.999999999999999778e-01,-8.501290000000000235e-01,-7.717389999999999528e-01,-7.436920000000000197e-01,1.666670000000000096e-01,8.333329999999999904e-01,3.229999999999999716e+01
-1.000000000000000000e+00,2.000000000000000111e-01,-1.524550000000000072e-01,-2.826089999999999991e-01,-3.070599999999999996e-01,-2.023810000000000053e-01,1.000000000000000000e+00,2.200000000000000000e+01
-1.000000000000000000e+00,-5.999999999999999778e-01,-7.726100000000000190e-01,-5.760870000000000157e-01,-4.544940000000000091e-01,-2.380950000000000080e-02,1.000000000000000000e+00,3.100000000000000000e+01
1.000000000000000000e+00,-5.999999999999999778e-01,-8.501290000000000235e-01,-5.000000000000000000e-01,-6.172379999999999534e-01,7.142859999999999487e-02,-6.666670000000000096e-01,2.800000000000000000e+01
-1.000000000000000000e+00,1.000000000000000000e+00,2.919900000000000273e-01,1.304349999999999954e-01,4.612990000000000146e-01,-4.047620000000000107e-01,0.000000000000000000e+00,1.600000000000000000e+01
-1.000000000000000000e+00,2.000000000000000111e-01,-1.524550000000000072e-01,-5.217389999999999528e-01,-9.384750000000000036e-02,7.142859999999999487e-02,-1.666670000000000096e-01,1.900000000000000000e+01
-1.000000000000000000e+00,-5.999999999999999778e-01,-8.811369999999999481e-01,-7.391299999999999537e-01,-8.060669999999999780e-01,4.880950000000000011e-01,-8.333329999999999904e-01,2.600000000000000000e+01
1.000000000000000000e+00,-5.999999999999999778e-01,-7.674419999999999575e-01,-4.673910000000000009e-01,-5.696059999999999457e-01,-1.666670000000000096e-01,-1.000000000000000000e+00,2.400000000000000000e+01
-1.000000000000000000e+00,1.000000000000000000e+00,2.196379999999999999e-01,-1.956519999999999926e-01,3.320100000000000273e-01,-2.976190000000000224e-01,0.000000000000000000e+00,1.550000000000000000e+01
-1.000000000000000000e+00,-5.999999999999999778e-01,-6.279069999999999929e-01,-5.000000000000000000e-01,-2.900479999999999725e-01,-2.220449999999999921e-16,1.000000000000000000e+00,2.400000000000000000e+01
0.000000000000000000e+00,-5.999999999999999778e-01,-8.863050000000000095e-01,-9.782610000000000472e-01,-7.890559999999999796e-01,6.071429999999999882e-01,3.333329999999999904e-01,4.310000000000000142e+01
1.000000000000000000e+00,-5.999999999999999778e-01,-7.364340000000000330e-01,-4.130429999999999935e-01,-4.318119999999999736e-01,-1.904760000000000064e-01,8.333329999999999904e-01,3.289999999999999858e+01
0.000000000000000000e+00,-5.999999999999999778e-01,-8.501290000000000235e-01,-7.282610000000000472e-01,-8.797850000000000392e-01,-5.000000000000000000e-01,0.000000000000000000e+00,2.950000000000000000e+01
0.000000000000000000e+00,-5.999999999999999778e-01,-8.501290000000000235e-01,-8.478259999999999685e-01,-8.746810000000000418e-01,3.095240000000000213e-01,-8.333329999999999904e-01,2.700000000000000000e+01
1.000000000000000000e+00,-5.999999999999999778e-01,-7.364340000000000330e-01,-4.456519999999999926e-01,-6.104340000000000321e-01,-2.023810000000000053e-01,3.333329999999999904e-01,2.719999999999999929e+01
-1.000000000000000000e+00,1.000000000000000000e+00,2.919900000000000273e-01,1.304349999999999954e-01,6.359510000000000440e-01,-2.261900000000000022e-01,-1.666670000000000096e-01,1.600000000000000000e+01
-1.000000000000000000e+00,2.000000000000000111e-01,-5.943149999999999822e-02,-4.130429999999999935e-01,-5.585480000000000306e-02,1.904760000000000064e-01,-5.000000000000000000e-01,1.600000000000000000e+01
-1.000000000000000000e+00,-5.999999999999999778e-01,-5.452200000000000379e-01,-3.586960000000000148e-01,-3.580949999999999966e-01,3.571429999999999744e-02,3.333329999999999904e-01,2.319999999999999929e+01
-1.000000000000000000e+00,-5.999999999999999778e-01,-6.279069999999999929e-01,-6.521740000000000315e-01,-4.448540000000000272e-01,2.500000000000000000e-01,-1.666670000000000096e-01,2.300000000000000000e+01
0.000000000000000000e+00,-5.999999999999999778e-01,-7.519379999999999953e-01,-6.195650000000000324e-01,-6.557979999999999920e-01,5.952380000000000171e-02,0.000000000000000000e+00,2.500000000000000000e+01
-1.000000000000000000e+00,1.000000000000000000e+00,4.573639999999999928e-01,7.608700000000000185e-02,3.847459999999999769e-01,-5.238099999999999978e-01,0.000000000000000000e+00,1.300000000000000000e+01
-1.000000000000000000e+00,-5.999999999999999778e-01,-7.260980000000000212e-01,-6.304349999999999676e-01,-4.006239999999999801e-01,-1.666670000000000096e-01,5.000000000000000000e-01,2.739999999999999858e+01
-1.000000000000000000e+00,1.000000000000000000e+00,4.573639999999999928e-01,7.608700000000000185e-02,4.000569999999999959e-01,-4.047620000000000107e-01,-5.000000000000000000e-01,1.500000000000000000e+01
-1.000000000000000000e+00,-5.999999999999999778e-01,-6.537469999999999670e-01,-5.869569999999999510e-01,-4.828470000000000262e-01,-4.761900000000000160e-02,1.000000000000000000e+00,2.900000000000000000e+01
-1.000000000000000000e+00,1.000000000000000000e+00,2.919900000000000273e-01,1.304349999999999954e-01,2.271050000000000013e-01,-4.642859999999999765e-01,-5.000000000000000000e-01,1.500000000000000000e+01
-1.000000000000000000e+00,2.000000000000000111e-01,-3.178289999999999726e-01,-5.760870000000000157e-01,-1.738020000000000120e-01,3.571429999999999744e-02,3.333329999999999904e-01,2.080000000000000071e+01
0.000000000000000000e+00,-5.999999999999999778e-01,-7.571059999999999457e-01,-4.673910000000000009e-01,-3.870140000000000247e-01,-1.666670000000000096e-01,-1.666670000000000096e-01,2.300000000000000000e+01
1.000000000000000000e+00,-5.999999999999999778e-01,-8.501290000000000235e-01,-6.847830000000000306e-01,-6.835839999999999694e-01,-4.761900000000000160e-02,-1.666670000000000096e-01,2.900000000000000000e+01
0.000000000000000000e+00,-5.999999999999999778e-01,-1.000000000000000000e+00,-9.673910000000000009e-01,-8.559679999999999511e-01,3.690479999999999872e-01,-5.000000000000000000e-01,2.900000000000000000e+01
-1.000000000000000000e+00,1.000000000000000000e+00,7.157620000000000093e-01,5.652169999999999694e-01,5.378509999999999680e-01,-5.000000000000000000e-01,1.666670000000000096e-01,1.550000000000000000e+01
-1.000000000000000000e+00,2.000000000000000111e-01,-5.503879999999999884e-01,-3.369570000000000065e-01,-5.129000000000000226e-01,-2.857140000000000235e-01,-5.000000000000000000e-01,2.100000000000000000e+01
0.000000000000000000e+00,-5.999999999999999778e-01,-7.829460000000000308e-01,-5.543479999999999519e-01,-3.994900000000000118e-01,1.309520000000000128e-01,-1.000000000000000000e+00,2.500000000000000000e+01
1.000000000000000000e+00,-5.999999999999999778e-01,-8.811369999999999481e-01,-9.239129999999999843e-01,-8.967960000000000376e-01,1.309520000000000128e-01,-1.666670000000000096e-01,3.300000000000000000e+01
1.000000000000000000e+00,-5.999999999999999778e-01,-9.328170000000000073e-01,-8.478259999999999685e-01,-9.166429999999999856e-01,-3.571429999999999744e-02,8.333329999999999904e-01,3.510000000000000142e+01
-1.000000000000000000e+00,-5.999999999999999778e-01,-6.279069999999999929e-01,-5.326089999999999991e-01,-3.524240000000000150e-01,-7.142859999999999487e-02,1.666670000000000096e-01,2.550000000000000000e+01
1.000000000000000000e+00,2.000000000000000111e-01,-5.968989999999999574e-01,-1.956519999999999926e-01,-2.531900000000000261e-01,-3.095240000000000213e-01,8.333329999999999904e-01,2.419999999999999929e+01
1.000000000000000000e+00,-5.999999999999999778e-01,-8.501290000000000235e-01,-6.847830000000000306e-01,-6.926569999999999672e-01,-2.220449999999999921e-16,0.000000000000000000e+00,2.800000000000000000e+01
