-1.000000000000000000e+00,2.000000000000000111e-01,2.583980000000000044e-03,-5.760870000000000157e-01,-2.049900000000000055e-01,7.142859999999999487e-02,1.000000000000000000e+00,3.800000000000000000e+01
1.000000000000000000e+00,2.000000000000000111e-01,-4.832040000000000224e-01,-6.521739999999999482e-02,-2.645310000000000161e-01,-5.952380000000000448e-01,6.666670000000000096e-01,3.270000000000000284e+01
-1.000000000000000000e+00,2.000000000000000111e-01,-1.524550000000000072e-01,-4.130429999999999935e-01,-2.446840000000000126e-01,-4.761900000000000160e-02,-5.000000000000000000e-01,1.800000000000000000e+01
1.000000000000000000e+00,-5.999999999999999778e-01,-8.811369999999999481e-01,-9.239129999999999843e-01,-8.967960000000000376e-01,1.309520000000000128e-01,-1.666670000000000096e-01,3.300000000000000000e+01
-1.000000000000000000e+00,2.000000000000000111e-01,-5.943149999999999822e-02,-3.586960000000000148e-01,-1.332580000000000049e-02,-2.261900000000000022e-01,0.000000000000000000e+00,2.200000000000000000e+01
-1.000000000000000000e+00,2.000000000000000111e-01,-1.886299999999999921e-01,-3.586960000000000148e-01,1.341080000000000050e-01,1.190480000000000010e-02,-3.333329999999999904e-01,1.800000000000000000e+01
1.000000000000000000e+00,-5.999999999999999778e-01,-8.811369999999999481e-01,-7.717389999999999528e-01,-7.833849999999999980e-01,-2.380950000000000080e-02,1.000000000000000000e+00,3.800000000000000000e+01
-1.000000000000000000e+00,-5.999999999999999778e-01,-5.710589999999999833e-01,-5.217389999999999528e-01,-3.637650000000000050e-01,1.904760000000000064e-01,1.000000000000000000e+00,2.700000000000000000e+01
-1.000000000000000000e+00,2.000000000000000111e-01,-5.943149999999999822e-02,-5.434780000000000166e-01,-4.224549999999999833e-02,-1.071430000000000021e-01,-8.333329999999999904e-01,1.900000000000000000e+01
0.000000000000000000e+00,-5.999999999999999778e-01,-7.571059999999999457e-01,-4.673910000000000009e-01,-3.870140000000000247e-01,-1.666670000000000096e-01,-1.666670000000000096e-01,2.300000000000000000e+01
-1.000000000000000000e+00,2.000000000000000111e-01,-5.943149999999999822e-02,-4.347829999999999750e-01,8.420750000000000457e-02,3.095240000000000213e-01,1.666670000000000096e-01,1.850000000000000000e+01
-1.000000000000000000e+00,-5.999999999999999778e-01,-6.279069999999999929e-01,-7.173910000000000009e-01,-5.491920000000000135e-01,3.095240000000000213e-01,-8.333329999999999904e-01,2.200000000000000000e+01
-1.000000000000000000e+00,1.000000000000000000e+00,2.919900000000000273e-01,1.304349999999999954e-01,4.079949999999999966e-01,-4.047620000000000107e-01,-8.333329999999999904e-01,1.400000000000000000e+01
-1.000000000000000000e+00,1.000000000000000000e+00,4.573639999999999928e-01,2.934780000000000166e-01,1.794729999999999936e-01,-5.833329999999999904e-01,-1.000000000000000000e+00,1.500000000000000000e+01
0.000000000000000000e+00,-5.999999999999999778e-01,-8.139530000000000376e-01,-4.673910000000000009e-01,-5.679049999999999931e-01,1.309520000000000128e-01,-1.000000000000000000e+00,2.500000000000000000e+01
-1.000000000000000000e+00,-5.999999999999999778e-01,-8.449609999999999621e-01,-6.413039999999999852e-01,-6.359510000000000440e-01,1.547620000000000107e-01,0.000000000000000000e+00,2.600000000000000000e+01
-1.000000000000000000e+00,1.000000000000000000e+00,2.919900000000000273e-01,1.304349999999999954e-01,4.612990000000000146e-01,-4.047620000000000107e-01,0.000000000000000000e+00,1.600000000000000000e+01
1.000000000000000000e+00,-5.999999999999999778e-01,-7.932820000000000427e-01,-4.891300000000000092e-01,-5.588319999999999954e-01,-1.071430000000000021e-01,-3.333329999999999904e-01,2.600000000000000000e+01
-1.000000000000000000e+00,-5.999999999999999778e-01,-7.726100000000000190e-01,-5.434780000000000166e-01,-5.565639999999999477e-01,1.904760000000000064e-01,1.000000000000000000e+00,3.400000000000000000e+01
-1.000000000000000000e+00,1.000000000000000000e+00,2.196379999999999999e-01,5.978259999999999685e-01,7.686420000000000474e-01,2.500000000000000000e-01,-1.000000000000000000e+00,9.000000000000000000e+00
0.000000000000000000e+00,-5.999999999999999778e-01,-8.501290000000000235e-01,-6.521740000000000315e-01,-6.728100000000000191e-01,-2.738099999999999978e-01,1.666670000000000096e-01,3.050000000000000000e+01
-1.000000000000000000e+00,-5.999999999999999778e-01,-5.710589999999999833e-01,-5.217389999999999528e-01,-3.960870000000000224e-01,1.190480000000000010e-02,6.666670000000000096e-01,2.800000000000000000e+01
-1.000000000000000000e+00,-5.999999999999999778e-01,-6.279069999999999929e-01,-7.173910000000000009e-01,-4.601640000000000175e-01,-3.333329999999999904e-01,0.000000000000000000e+00,2.650000000000000000e+01
0.000000000000000000e+00,-5.999999999999999778e-01,-6.795870000000000521e-01,-3.913039999999999852e-01,-1.284379999999999966e-01,-8.333329999999999904e-02,0.000000000000000000e+00,2.000000000000000000e+01
-1.000000000000000000e+00,1.000000000000000000e+00,8.656329999999999858e-01,6.521740000000000315e-01,8.933940000000000214e-01,-5.833329999999999904e-01,-5.000000000000000000e-01,1.200000000000000000e+01
1.000000000000000000e+00,-5.999999999999999778e-01,-6.589150000000000285e-01,-4.673910000000000009e-01,-4.630000000000000226e-01,-2.619049999999999989e-01,3.333329999999999904e-01,2.750000000000000000e+01
1.000000000000000000e+00,-5.999999999999999778e-01,-7.312659999999999716e-01,-4.456519999999999926e-01,-5.032609999999999584e-01,-1.666670000000000096e-01,-3.333329999999999904e-01,2.400000000000000000e+01
-1.000000000000000000e+00,2.000000000000000111e-01,-1.886299999999999921e-01,-4.673910000000000009e-01,-6.379360000000000586e-02,-4.761900000000000160e-02,-1.666670000000000096e-01,1.900000000000000000e+01
-1.000000000000000000e+00,1.000000000000000000e+00,2.093019999999999881e-01,2.173910000000000078e-02,7.153389999999999471e-01,-4.761900000000000160e-02,-3.333329999999999904e-01,1.400000000000000000e+01
-1.000000000000000000e+00,1.000000000000000000e+00,2.919900000000000273e-01,1.304349999999999954e-01,3.195350000000000135e-01,-3.809520000000000128e-01,0.000000000000000000e+00,1.300000000000000000e+01
-1.000000000000000000e+00,2.000000000000000111e-01,-1.576230000000000131e-01,-2.500000000000000000e-01,-7.456759999999999777e-02,-1.190480000000000010e-01,5.000000000000000000e-01,2.150000000000000000e+01
-1.000000000000000000e+00,1.000000000000000000e+00,4.625319999999999987e-01,1.630429999999999935e-01,4.267079999999999762e-01,-4.047620000000000107e-01,-6.666670000000000096e-01,1.400000000000000000e+01
-1.000000000000000000e+00,1.000000000000000000e+00,2.093019999999999881e-01,-9.782609999999999917e-02,-1.176640000000000047e-01,-5.238099999999999978e-01,-1.666670000000000096e-01,1.300000000000000000e+01
-1.000000000000000000e+00,2.000000000000000111e-01,-5.943149999999999822e-02,-7.173910000000000009e-01,3.147149999999999948e-02,5.476189999999999669e-01,-1.666670000000000096e-01,1.500000000000000000e+01
1.000000000000000000e+00,-5.999999999999999778e-01,-7.674419999999999575e-01,-4.673910000000000009e-01,-5.696059999999999457e-01,-1.666670000000000096e-01,-1.000000000000000000e+00,2.400000000000000000e+01
-1.000000000000000000e+00,2.000000000000000111e-01,-1.524550000000000072e-01,-4.130429999999999935e-01,-3.331439999999999957e-01,-1.666670000000000096e-01,-5.000000000000000000e-01,1.800000000000000000e+01
-1.000000000000000000e+00,2.000000000000000111e-01,-5.943149999999999822e-02,-4.130429999999999935e-01,-5.358659999999999812e-02,-1.666670000000000096e-01,-8.333329999999999904e-01,1.900000000000000000e+01
-1.000000000000000000e+00,2.000000000000000111e-01,-1.524550000000000072e-01,-5.217389999999999528e-01,-9.384750000000000036e-02,7.142859999999999487e-02,-1.666670000000000096e-01,1.900000000000000000e+01
0.000000000000000000e+00,-5.999999999999999778e-01,-8.863050000000000095e-01,-9.782610000000000472e-01,-5.905869999999999731e-01,8.690480000000000427e-01,6.666670000000000096e-01,4.339999999999999858e+01
-1.000000000000000000e+00,-5.999999999999999778e-01,-7.726100000000000190e-01,-5.434780000000000166e-01,-4.374819999999999820e-01,3.809520000000000128e-01,1.000000000000000000e+00,2.800000000000000000e+01
-1.000000000000000000e+00,-5.999999999999999778e-01,-7.209299999999999597e-01,-5.652169999999999694e-01,-5.565639999999999477e-01,-4.761900000000000160e-02,-6.666670000000000096e-01,2.200000000000000000e+01
1.000000000000000000e+00,-5.999999999999999778e-01,-8.501290000000000235e-01,-7.717389999999999528e-01,-7.436920000000000197e-01,1.666670000000000096e-01,8.333329999999999904e-01,3.229999999999999716e+01
-1.000000000000000000e+00,1.000000000000000000e+00,4.573639999999999928e-01,3.478260000000000240e-01,4.471220000000000194e-01,-5.952380000000000448e-01,1.666670000000000096e-01,1.550000000000000000e+01
-1.000000000000000000e+00,2.000000000000000111e-01,-1.576230000000000131e-01,-3.586960000000000148e-01,1.984689999999999892e-03,-7.142859999999999487e-02,3.333329999999999904e-01,2.060000000000000142e+01
0.000000000000000000e+00,-5.999999999999999778e-01,-7.519379999999999953e-01,-6.847830000000000306e-01,-6.410550000000000415e-01,-2.857140000000000235e-01,-3.333329999999999904e-01,2.600000000000000000e+01
1.000000000000000000e+00,-5.999999999999999778e-01,-9.121449999999999836e-01,-7.934780000000000166e-01,-7.181739999999999791e-01,3.333329999999999904e-01,6.666670000000000096e-01,4.079999999999999716e+01
-1.000000000000000000e+00,1.000000000000000000e+00,4.625319999999999987e-01,4.347829999999999750e-02,3.841789999999999927e-01,-2.500000000000000000e-01,5.000000000000000000e-01,1.550000000000000000e+01
1.000000000000000000e+00,-5.999999999999999778e-01,-8.811369999999999481e-01,-7.717389999999999528e-01,-8.656080000000000441e-01,-3.095240000000000213e-01,6.666670000000000096e-01,4.460000000000000142e+01
-1.000000000000000000e+00,1.000000000000000000e+00,4.056850000000000178e-01,2.391300000000000092e-01,1.318400000000000127e-01,-1.000000000000000000e+00,-1.000000000000000000e+00,1.400000000000000000e+01
-1.000000000000000000e+00,2.000000000000000111e-01,-1.524550000000000072e-01,-4.130429999999999935e-01,-5.018430000000000113e-02,-1.071430000000000021e-01,-8.333329999999999904e-01,1.800000000000000000e+01
1.000000000000000000e+00,-5.999999999999999778e-01,-7.312659999999999716e-01,-6.956520000000000481e-01,-4.204709999999999837e-01,2.261900000000000022e-01,8.333329999999999904e-01,3.160000000000000142e+01
-1.000000000000000000e+00,-5.999999999999999778e-01,-7.209299999999999597e-01,-5.652169999999999694e-01,-6.523959999999999759e-01,1.190480000000000010e-02,-6.666670000000000096e-01,2.100000000000000000e+01
-1.000000000000000000e+00,2.000000000000000111e-01,-1.886299999999999921e-01,-4.130429999999999935e-01,3.033740000000000048e-02,9.523810000000000608e-02,3.333329999999999904e-01,2.050000000000000000e+01
-1.000000000000000000e+00,1.000000000000000000e+00,2.842379999999999907e-02,-1.413040000000000129e-01,1.295719999999999927e-01,-1.666670000000000096e-01,5.000000000000000000e-01,1.919999999999999929e+01
1.000000000000000000e+00,2.000000000000000111e-01,-5.452200000000000379e-01,-3.260870000000000157e-01,-2.531900000000000261e-01,-1.071430000000000021e-01,0.000000000000000000e+00,1.900000000000000000e+01
-1.000000000000000000e+00,1.000000000000000000e+00,2.248060000000000058e-01,7.608700000000000185e-02,2.855119999999999880e-01,-4.642859999999999765e-01,1.666670000000000096e-01,1.750000000000000000e+01
0.000000000000000000e+00,-5.999999999999999778e-01,-8.087860000000000049e-01,-6.956520000000000481e-01,-6.728100000000000191e-01,-2.619049999999999989e-01,8.333329999999999904e-01,3.300000000000000000e+01
1.000000000000000000e+00,-5.999999999999999778e-01,-7.364340000000000330e-01,-5.000000000000000000e-01,-5.344489999999999519e-01,-1.666670000000000096e-01,6.666670000000000096e-01,3.700000000000000000e+01
-1.000000000000000000e+00,1.000000000000000000e+00,2.919900000000000273e-01,2.173910000000000078e-02,2.032889999999999975e-01,-3.809520000000000128e-01,3.333329999999999904e-01,1.939999999999999858e+01
0.000000000000000000e+00,-5.999999999999999778e-01,-8.863050000000000095e-01,-7.391299999999999537e-01,-8.162740000000000551e-01,-2.619049999999999989e-01,0.000000000000000000e+00,2.900000000000000000e+01
-1.000000000000000000e+00,-5.999999999999999778e-01,-7.364340000000000330e-01,-6.086960000000000148e-01,-3.722710000000000186e-01,3.571429999999999882e-01,1.000000000000000000e+00,3.100000000000000000e+01
-1.000000000000000000e+00,1.000000000000000000e+00,7.157620000000000093e-01,4.021739999999999760e-01,5.718739999999999934e-01,-5.238099999999999978e-01,-6.666670000000000096e-01,1.400000000000000000e+01
-1.000000000000000000e+00,2.000000000000000111e-01,-5.943149999999999822e-02,-6.521740000000000315e-01,1.119929999999999953e-01,5.476189999999999669e-01,0.000000000000000000e+00,1.800000000000000000e+01
-1.000000000000000000e+00,1.000000000000000000e+00,2.919900000000000273e-01,1.304349999999999954e-01,2.271050000000000013e-01,-4.642859999999999765e-01,-5.000000000000000000e-01,1.500000000000000000e+01
-1.000000000000000000e+00,1.000000000000000000e+00,2.351419999999999899e-01,6.739129999999999843e-01,5.667710000000000248e-01,-1.666670000000000096e-01,-1.000000000000000000e+00,1.000000000000000000e+01
1.000000000000000000e+00,-5.999999999999999778e-01,-9.431519999999999904e-01,-8.695650000000000324e-01,-9.194780000000000175e-01,5.952380000000000171e-02,8.333329999999999904e-01,3.910000000000000142e+01
-1.000000000000000000e+00,1.000000000000000000e+00,2.919900000000000273e-01,-3.260869999999999741e-02,2.571590000000000265e-01,-1.428570000000000118e-01,5.000000000000000000e-01,1.819999999999999929e+01
1.000000000000000000e+00,-5.999999999999999778e-01,-6.072349999999999692e-01,-4.565219999999999834e-01,-4.034590000000000121e-01,-2.976190000000000224e-01,1.000000000000000000e+00,3.200000000000000000e+01
0.000000000000000000e+00,-5.999999999999999778e-01,-7.519379999999999953e-01,-6.847830000000000306e-01,-6.909549999999999859e-01,-1.071430000000000021e-01,-5.000000000000000000e-01,2.400000000000000000e+01
-1.000000000000000000e+00,1.000000000000000000e+00,5.090440000000000520e-01,8.369569999999999510e-01,7.022969999999999491e-01,-2.857140000000000235e-01,-1.000000000000000000e+00,1.000000000000000000e+01
0.000000000000000000e+00,-2.000000000000000111e-01,-6.744189999999999907e-01,-3.804350000000000231e-01,-3.098949999999999760e-01,-5.952380000000000171e-02,3.333329999999999904e-01,2.030000000000000071e+01
-1.000000000000000000e+00,-5.999999999999999778e-01,-6.279069999999999929e-01,-5.652169999999999694e-01,-3.325770000000000115e-01,-9.523810000000000608e-02,1.000000000000000000e+00,2.700000000000000000e+01
0.000000000000000000e+00,-5.999999999999999778e-01,-7.260980000000000212e-01,-6.739129999999999843e-01,-4.907850000000000268e-01,1.904760000000000064e-01,-6.666670000000000096e-01,2.200000000000000000e+01
0.000000000000000000e+00,-5.999999999999999778e-01,-8.966410000000000213e-01,-6.739129999999999843e-01,-7.436920000000000197e-01,-2.261900000000000022e-01,-8.333329999999999904e-01,3.000000000000000000e+01
-1.000000000000000000e+00,-5.999999999999999778e-01,-8.449609999999999621e-01,-7.934780000000000166e-01,-7.550329999999999542e-01,-2.380950000000000080e-02,8.333329999999999904e-01,3.439999999999999858e+01
-1.000000000000000000e+00,-5.999999999999999778e-01,-7.260980000000000212e-01,-6.304349999999999676e-01,-4.006239999999999801e-01,-1.666670000000000096e-01,5.000000000000000000e-01,2.739999999999999858e+01
-1.000000000000000000e+00,1.000000000000000000e+00,4.573639999999999928e-01,7.608700000000000185e-02,6.030619999999999870e-01,-2.857140000000000235e-01,-1.666670000000000096e-01,1.500000000000000000e+01
-1.000000000000000000e+00,2.000000000000000111e-01,-3.281649999999999845e-01,-4.673910000000000009e-01,-2.679329999999999767e-01,-4.761900000000000160e-02,-5.000000000000000000e-01,2.300000000000000000e+01
-1.000000000000000000e+00,-5.999999999999999778e-01,-5.452200000000000379e-01,-5.000000000000000000e-01,-4.289760000000000240e-01,-2.380950000000000011e-01,8.333329999999999904e-01,2.580000000000000071e+01
-1.000000000000000000e+00,-5.999999999999999778e-01,-5.710589999999999833e-01,-5.217389999999999528e-01,-2.117950000000000110e-01,4.404759999999999787e-01,6.666670000000000096e-01,2.430000000000000071e+01
-1.000000000000000000e+00,-5.999999999999999778e-01,-8.475449999999999928e-01,-6.304349999999999676e-01,-7.091009999999999813e-01,7.142859999999999487e-02,-6.666670000000000096e-01,2.500000000000000000e+01
-1.000000000000000000e+00,-5.999999999999999778e-01,-5.710589999999999833e-01,-5.217389999999999528e-01,-4.006239999999999801e-01,-4.761900000000000160e-02,5.000000000000000000e-01,2.839999999999999858e+01
-1.000000000000000000e+00,2.000000000000000111e-01,-3.281649999999999845e-01,-4.673910000000000009e-01,-3.081940000000000235e-01,-1.071430000000000021e-01,-1.000000000000000000e+00,2.200000000000000000e+01
-1.000000000000000000e+00,1.000000000000000000e+00,2.196379999999999999e-01,1.304349999999999954e-01,3.203860000000000041e-02,-5.238099999999999978e-01,-1.000000000000000000e+00,1.600000000000000000e+01
-1.000000000000000000e+00,1.000000000000000000e+00,2.919900000000000273e-01,1.304349999999999954e-01,1.275869999999999956e-02,-6.428570000000000118e-01,-5.000000000000000000e-01,1.500000000000000000e+01
1.000000000000000000e+00,-5.999999999999999778e-01,-8.501290000000000235e-01,-5.434780000000000166e-01,-7.238449999999999607e-01,1.190480000000000010e-02,-6.666670000000000096e-01,2.700000000000000000e+01
-1.000000000000000000e+00,2.000000000000000111e-01,-5.943149999999999822e-02,-3.043480000000000074e-01,8.137229999999999464e-02,-2.220449999999999921e-16,1.666670000000000096e-01,1.750000000000000000e+01
-1.000000000000000000e+00,1.000000000000000000e+00,4.625319999999999987e-01,1.195650000000000046e-01,5.435210000000000319e-01,-2.261900000000000022e-01,1.666670000000000096e-01,1.600000000000000000e+01
-1.000000000000000000e+00,-5.999999999999999778e-01,-5.710589999999999833e-01,-5.434780000000000166e-01,-3.609299999999999731e-01,-4.761900000000000160e-02,1.666670000000000096e-01,2.450000000000000000e+01
-1.000000000000000000e+00,2.000000000000000111e-01,-5.943149999999999822e-02,-3.586960000000000148e-01,4.678199999999999720e-02,-4.761900000000000160e-02,-1.666670000000000096e-01,1.800000000000000000e+01
1.000000000000000000e+00,-5.999999999999999778e-01,-7.364340000000000330e-01,-4.456519999999999926e-01,-6.104340000000000321e-01,-2.023810000000000053e-01,3.333329999999999904e-01,2.719999999999999929e+01
1.000000000000000000e+00,-5.999999999999999778e-01,-8.449609999999999621e-01,-7.608700000000000463e-01,-7.039980000000000127e-01,2.380950000000000080e-02,3.333329999999999904e-01,2.950000000000000000e+01
-1.000000000000000000e+00,1.000000000000000000e+00,2.196379999999999999e-01,1.304349999999999954e-01,1.675649999999999917e-01,-5.833329999999999904e-01,-6.666670000000000096e-01,1.700000000000000000e+01
-1.000000000000000000e+00,2.000000000000000111e-01,-3.229969999999999786e-01,-4.456519999999999926e-01,-3.416500000000000092e-01,-1.071430000000000021e-01,-1.000000000000000000e+00,1.800000000000000000e+01
-1.000000000000000000e+00,2.000000000000000111e-01,-3.229969999999999786e-01,-5.217389999999999528e-01,-4.130989999999999940e-01,-1.666670000000000096e-01,-1.000000000000000000e+00,2.100000000000000000e+01
-1.000000000000000000e+00,-5.999999999999999778e-01,-6.537469999999999670e-01,-5.869569999999999510e-01,-6.132689999999999531e-01,-5.714289999999999647e-01,1.000000000000000000e+00,3.200000000000000000e+01
1.000000000000000000e+00,-5.999999999999999778e-01,-7.312659999999999716e-01,-4.456519999999999926e-01,-4.936209999999999765e-01,-2.261900000000000022e-01,-6.666670000000000096e-01,2.300000000000000000e+01
1.000000000000000000e+00,-5.999999999999999778e-01,-7.932820000000000427e-01,-6.847830000000000306e-01,-5.820809999999999595e-01,4.761900000000000160e-02,8.333329999999999904e-01,3.239999999999999858e+01
-1.000000000000000000e+00,-5.999999999999999778e-01,-8.087860000000000049e-01,-8.152169999999999694e-01,-7.096679999999999655e-01,-2.023810000000000053e-01,1.000000000000000000e+00,3.800000000000000000e+01
0.000000000000000000e+00,-5.999999999999999778e-01,-7.260980000000000212e-01,-2.717390000000000083e-01,-6.478589999999999627e-01,-4.642859999999999765e-01,-1.000000000000000000e+00,2.600000000000000000e+01
-1.000000000000000000e+00,2.000000000000000111e-01,-3.178289999999999726e-01,-5.760870000000000157e-01,-1.738020000000000120e-01,3.571429999999999744e-02,3.333329999999999904e-01,2.080000000000000071e+01
-1.000000000000000000e+00,2.000000000000000111e-01,-5.943149999999999822e-02,-4.130429999999999935e-01,-2.296569999999999862e-02,7.142859999999999487e-02,-3.333329999999999904e-01,1.500000000000000000e+01
-1.000000000000000000e+00,1.000000000000000000e+00,4.573639999999999928e-01,7.608700000000000185e-02,3.467540000000000067e-01,-4.047620000000000107e-01,-5.000000000000000000e-01,1.300000000000000000e+01
0.000000000000000000e+00,-5.999999999999999778e-01,-7.260980000000000212e-01,-2.826089999999999991e-01,-2.514890000000000181e-01,-2.261900000000000022e-01,-6.666670000000000096e-01,1.800000000000000000e+01
-1.000000000000000000e+00,2.000000000000000111e-01,-1.524550000000000072e-01,-5.217389999999999528e-01,-1.652959999999999985e-01,1.428570000000000118e-01,0.000000000000000000e+00,2.250000000000000000e+01
0.000000000000000000e+00,-5.999999999999999778e-01,-7.984499999999999931e-01,-5.217389999999999528e-01,-5.367169999999999996e-01,-2.261900000000000022e-01,-1.000000000000000000e+00,2.400000000000000000e+01
1.000000000000000000e+00,-5.999999999999999778e-01,-9.431519999999999904e-01,-7.717389999999999528e-01,-8.089030000000000387e-01,3.095240000000000213e-01,-3.333329999999999904e-01,3.100000000000000000e+01
1.000000000000000000e+00,-5.999999999999999778e-01,-9.586559999999999526e-01,-9.347830000000000306e-01,-9.795859999999999568e-01,1.190480000000000010e-02,-3.333329999999999904e-01,3.100000000000000000e+01
1.000000000000000000e+00,-5.999999999999999778e-01,-9.121449999999999836e-01,-7.934780000000000166e-01,-7.692090000000000316e-01,3.333329999999999904e-01,5.000000000000000000e-01,3.180000000000000071e+01
-1.000000000000000000e+00,1.000000000000000000e+00,7.157620000000000093e-01,3.478260000000000240e-01,7.323499999999999455e-01,-5.833329999999999904e-01,-1.666670000000000096e-01,1.600000000000000000e+01
1.000000000000000000e+00,-5.999999999999999778e-01,-7.984499999999999931e-01,-6.847830000000000306e-01,-6.614689999999999737e-01,-2.380950000000000011e-01,8.333329999999999904e-01,3.370000000000000284e+01
-1.000000000000000000e+00,1.000000000000000000e+00,7.157620000000000093e-01,3.478260000000000240e-01,7.765809999999999658e-01,-5.238099999999999978e-01,-8.333329999999999904e-01,1.300000000000000000e+01
1.000000000000000000e+00,-5.999999999999999778e-01,-9.224809999999999954e-01,-8.369569999999999510e-01,-7.788490000000000135e-01,3.095240000000000213e-01,-3.333329999999999904e-01,3.200000000000000000e+01
-1.000000000000000000e+00,2.000000000000000111e-01,-3.178289999999999726e-01,-5.760870000000000157e-01,-4.476890000000000036e-01,-4.761900000000000160e-02,-1.000000000000000000e+00,2.100000000000000000e+01
-1.000000000000000000e+00,1.000000000000000000e+00,7.157620000000000093e-01,3.152170000000000250e-01,8.673089999999999966e-01,-4.642859999999999765e-01,-5.000000000000000000e-01,1.200000000000000000e+01
0.000000000000000000e+00,-5.999999999999999778e-01,-8.501290000000000235e-01,-9.347830000000000306e-01,-7.068330000000000446e-01,9.761900000000000022e-01,1.000000000000000000e+00,4.400000000000000000e+01
-1.000000000000000000e+00,1.000000000000000000e+00,7.157620000000000093e-01,4.021739999999999760e-01,6.166709999999999692e-01,-5.833329999999999904e-01,-8.333329999999999904e-01,1.400000000000000000e+01
-1.000000000000000000e+00,-5.999999999999999778e-01,-7.209299999999999597e-01,-6.304349999999999676e-01,-5.248089999999999700e-01,1.190480000000000010e-02,-3.333329999999999904e-01,2.600000000000000000e+01
0.000000000000000000e+00,-5.999999999999999778e-01,-9.431519999999999904e-01,-8.695650000000000324e-01,-8.797850000000000392e-01,2.619049999999999989e-01,1.666670000000000096e-01,3.600000000000000000e+01
-1.000000000000000000e+00,-5.999999999999999778e-01,-9.069770000000000332e-01,-8.043479999999999519e-01,-8.514319999999999666e-01,-2.220449999999999921e-16,8.333329999999999904e-01,3.900000000000000000e+01
-1.000000000000000000e+00,1.000000000000000000e+00,2.919900000000000273e-01,1.304349999999999954e-01,4.879499999999999948e-01,-2.261900000000000022e-01,-5.000000000000000000e-01,1.400000000000000000e+01
0.000000000000000000e+00,-5.999999999999999778e-01,-7.260980000000000212e-01,-2.500000000000000000e-01,-4.000569999999999959e-01,-3.452379999999999893e-01,-1.666670000000000096e-01,2.500000000000000000e+01
0.000000000000000000e+00,-5.999999999999999778e-01,-9.431519999999999904e-01,-7.391299999999999537e-01,-7.385880000000000223e-01,3.690479999999999872e-01,-8.333329999999999904e-01,3.000000000000000000e+01
-1.000000000000000000e+00,2.000000000000000111e-01,-5.943149999999999822e-02,-7.173910000000000009e-01,-1.239009999999999972e-01,3.690479999999999872e-01,-1.666670000000000096e-01,1.500000000000000000e+01
1.000000000000000000e+00,2.000000000000000111e-01,-5.968989999999999574e-01,-1.956519999999999926e-01,-2.531900000000000261e-01,-3.095240000000000213e-01,8.333329999999999904e-01,2.419999999999999929e+01
1.000000000000000000e+00,-5.999999999999999778e-01,-7.674419999999999575e-01,-4.673910000000000009e-01,-6.512620000000000076e-01,-2.857140000000000235e-01,-8.333329999999999904e-01,2.500000000000000000e+01
-1.000000000000000000e+00,-5.999999999999999778e-01,-5.452200000000000379e-01,-3.586960000000000148e-01,-3.269070000000000031e-01,-2.380950000000000011e-01,6.666670000000000096e-01,2.789999999999999858e+01
-1.000000000000000000e+00,1.000000000000000000e+00,4.625319999999999987e-01,1.521740000000000037e-01,4.754749999999999810e-01,-4.285709999999999797e-01,0.000000000000000000e+00,1.450000000000000000e+01
0.000000000000000000e+00,2.000000000000000111e-01,-4.832040000000000224e-01,-1.956519999999999926e-01,2.514890000000000181e-01,3.571429999999999744e-02,0.000000000000000000e+00,1.650000000000000000e+01
1.000000000000000000e+00,-5.999999999999999778e-01,-8.914729999999999599e-01,-8.478259999999999685e-01,-7.986959999999999615e-01,2.857140000000000235e-01,6.666670000000000096e-01,3.810000000000000142e+01
0.000000000000000000e+00,-5.999999999999999778e-01,-7.260980000000000212e-01,-4.347829999999999750e-01,-2.446840000000000126e-01,-2.261900000000000022e-01,-1.666670000000000096e-01,2.200000000000000000e+01
0.000000000000000000e+00,-5.999999999999999778e-01,-7.260980000000000212e-01,-3.043480000000000074e-01,-4.062939999999999885e-01,-2.857140000000000235e-01,-5.000000000000000000e-01,2.400000000000000000e+01
1.000000000000000000e+00,-5.999999999999999778e-01,-8.501290000000000235e-01,-7.717389999999999528e-01,-6.983270000000000310e-01,1.904760000000000064e-01,6.666670000000000096e-01,3.379999999999999716e+01
1.000000000000000000e+00,-5.999999999999999778e-01,-9.121449999999999836e-01,-7.391299999999999537e-01,-7.408559999999999590e-01,2.619049999999999989e-01,3.333329999999999904e-01,3.939999999999999858e+01
0.000000000000000000e+00,-5.999999999999999778e-01,-8.501290000000000235e-01,-6.521740000000000315e-01,-8.145729999999999915e-01,-2.261900000000000022e-01,1.666670000000000096e-01,2.900000000000000000e+01
1.000000000000000000e+00,-5.999999999999999778e-01,-8.501290000000000235e-01,-6.847830000000000306e-01,-6.302809999999999802e-01,2.142860000000000043e-01,1.666670000000000096e-01,2.600000000000000000e+01
1.000000000000000000e+00,-5.999999999999999778e-01,-9.793279999999999763e-01,-7.500000000000000000e-01,-1.000000000000000000e+00,1.904760000000000064e-01,-8.333329999999999904e-01,3.500000000000000000e+01
