  -0.30298   -0.91992   -1.00000    0.29326   -1.00000   -0.19753    0.10213    0.48507   -0.67866    1.00000    0.82824    0.61702    0.98220   23.20000
   0.23344   -0.79021   -1.00000    0.29326   -1.00000    0.20988    0.08028    0.90937   -0.84748    1.00000    0.82824    0.61702   -0.69540    9.50000
  -0.27870   -0.99984    0.50000   -0.74047   -1.00000   -0.89712   -0.10826   -0.07930    0.12579   -0.82609    0.07634    0.80851    1.00000   18.90000
  -0.26600   -0.99273   -1.00000    0.57111   -1.00000   -0.01646   -0.13355    0.90525   -0.75624   -0.73913   -0.04580    0.82979    0.95860   18.40000
   0.19260   -0.53445   -1.00000    0.29326   -1.00000    0.12757   -0.77889    1.00000   -0.99118    1.00000    0.82824    0.61702    0.86545   11.90000
  -0.73234   -0.97645   -1.00000   -0.43695   -1.00000   -0.37037   -0.09025   -0.45623   -0.38728   -0.73913   -0.54199    0.78723    0.94932   23.10000
  -0.51104   -0.99918   -0.44000    0.06892   -1.00000   -0.67490    0.03008    0.53244   -0.54798   -0.73913   -0.68321    0.19149    1.00000   20.60000
  -0.66336   -0.99936   -0.30000   -0.58944   -1.00000   -0.78231   -0.05346   -0.57981    0.00230   -1.00000   -0.55344   -0.08511    0.82526   19.40000
  -0.82119   -0.99869    0.40000   -0.86950   -1.00000   -0.93827    0.06687   -0.64573    0.21820   -0.65217   -0.34733   -0.53191    0.85546   22.50000
  -0.89901   -0.99837    0.60000   -0.67082   -1.00000   -0.89300    0.37459   -0.48919   -0.27487   -0.73913   -0.77863    0.40426    1.00000   37.30000
  -0.18819   -0.77704   -1.00000    0.29326   -1.00000    0.46091    0.03085    0.92997   -0.80569    1.00000    0.82824    0.61702    0.95774   12.60000
  -0.68764   -0.96811   -1.00000    0.40176   -1.00000    1.00000    0.13010    1.00000   -0.88428   -0.65217   -0.17557   -0.55319    0.83565   23.30000
  -0.03863   -0.99689   -0.75000   -0.45674   -1.00000   -0.42798    0.00057    0.91967   -0.12323   -0.65217   -0.52672   -0.44681    1.00000   27.10000
  -0.30464   -0.99510   -1.00000   -0.32331   -1.00000   -0.17696   -0.05499    0.58187   -0.75109   -0.56522   -0.22137    0.40426    1.00000   16.80000
  -0.41446   -0.99887   -1.00000   -0.09311   -1.00000   -0.78601    0.02357    0.04634   -0.29353   -0.65217   -0.19466    0.29787    0.94705   21.20000
  -0.53753    0.14937   -1.00000    0.29326   -1.00000   -0.12757   -0.15846    1.00000   -0.94846    1.00000    0.82824    0.61702   -0.98850   15.00000
   0.16722   -0.78904   -1.00000    0.29326   -1.00000    0.46091   -0.20828    0.87436   -0.87495    1.00000    0.82824    0.61702    1.00000   12.80000
  -0.72130   -0.99837   -1.00000   -0.09311   -1.00000   -0.78601    0.03928   -0.93615   -0.43222   -0.65217   -0.19466    0.29787    0.99001   24.10000
  -0.82947   -0.99810   -1.00000   -0.85337   -1.00000   -0.57613    0.37728    0.83934   -0.71428   -0.82609   -0.97710    0.10638    0.98598   37.90000
  -0.92384   -0.99965    0.65000   -0.88490   -1.00000   -0.87654    0.55164   -0.73635   -0.06512   -0.91304   -0.38550   -0.55319    0.99233   42.30000
   0.00386   -0.82768   -1.00000    0.29326   -1.00000    0.26749   -0.16229    0.97734   -0.90837    1.00000    0.82824    0.61702    0.98084    8.50000
  -0.12528   -0.99793   -1.00000    0.84677   -1.00000   -0.19342   -0.11171    0.91349   -0.84055   -0.91304   -0.99618    0.38298    0.91165   18.80000
  -0.47461   -0.98159   -0.60000   -0.74267   -1.00000    0.07819    0.44319    0.88671   -0.82737   -0.65217   -0.70611   -0.91489    0.98245   31.00000
  -0.20475   -0.94514   -1.00000    0.40176   -1.00000    1.00000   -0.34432    0.87642   -0.88964   -0.65217   -0.17557   -0.55319   -0.55464   13.10000
  -0.39625   -0.90435   -1.00000    0.29326   -1.00000    0.58436   -0.02242    0.61483   -0.74911    1.00000    0.82824    0.61702    0.96893   22.60000
   0.59492   -0.54864   -1.00000    0.29326   -1.00000    0.29630   -0.69074    0.81874   -0.94364    1.00000    0.82824    0.61702    0.43986    8.80000
  -0.81788   -0.99965    0.20000   -0.81891   -1.00000   -0.93416    0.24123   -0.85582   -0.07428   -1.00000   -0.70229   -0.36170    0.98220   31.10000
  -0.58664   -0.99782   -0.50000   -0.65763   -1.00000   -0.72016   -0.09331   -0.08754    0.05528   -0.39130   -0.62977    0.51064    1.00000   19.60000
  -0.15232   -0.99515   -1.00000   -0.29985   -1.00000   -0.33333   -0.03008    0.90525   -0.74204   -0.56522   -0.06489    0.10638    1.00000   18.70000
  -0.67936   -0.99575   -1.00000   -0.24120   -1.00000   -0.88477    0.02855   -0.93203   -0.24384   -0.73913   -0.54962    0.40426    0.90050   23.40000
  -0.50883   -0.99500   -1.00000   -0.40616   -1.00000   -0.44444    0.08986    0.69928   -0.71172   -0.65217   -0.24809    0.76596   -0.64456   18.60000
  -0.58278   -0.99876   -1.00000   -0.65323   -1.00000   -0.46502   -0.07760    0.14521   -0.33025   -0.65217   -0.85878    0.61702    1.00000   18.70000
  -0.27815   -0.98504   -1.00000   -0.43695   -1.00000   -0.37037   -0.13700    0.80021   -0.35393   -0.73913   -0.54199    0.78723    0.89904   16.60000
  -0.60210   -0.99800   -1.00000   -0.09311   -1.00000   -0.78601    0.04426   -0.13285   -0.38655   -0.65217   -0.19466    0.29787    0.93106   21.40000
  -0.87914   -0.99344   -1.00000   -0.57918   -1.00000   -0.51029    0.58076   -0.70958   -0.59161   -0.39130   -0.54199    0.02128    0.90221   46.70000
  -0.59382   -0.99912   -1.00000   -0.79619   -1.00000   -0.69136   -0.01016   -0.39650   -0.13721   -0.73913   -0.07252   -0.08511    0.85713   19.80000
  -0.43157   -0.94813   -1.00000    0.40176   -1.00000   -0.09465   -0.11132    0.94439   -0.77101   -0.65217   -0.17557   -0.55319    0.75405   19.10000
  -0.64514   -0.99920   -0.44000    0.06892   -1.00000   -0.67490    0.10404    0.04428   -0.53873   -0.73913   -0.68321    0.19149    0.99047   22.90000
  -0.09492   -0.79043   -1.00000    0.29326   -1.00000    0.34979    0.00556    0.97322   -0.79412    1.00000    0.82824    0.61702    1.00000   14.10000
  -0.62583   -0.99940   -1.00000   -0.65323   -1.00000   -0.46502   -0.04273   -0.29145   -0.33025   -0.65217   -0.85878    0.61702    0.99617   20.60000
  -0.84713   -0.99976    0.80000   -0.88563   -1.00000   -0.89712    0.21364   -0.31617    1.00000   -0.65217   -1.00000   -0.06383    0.93726   30.10000
  -0.52759   -0.86929   -1.00000    0.29326   -1.00000    0.34979    0.13125    0.79197   -0.69591    1.00000    0.82824    0.61702    0.98447   20.20000
   0.60486   -0.99444   -1.00000   -0.52713   -1.00000   -0.74074   -0.29565    0.90319   -0.13787   -0.82609   -0.82443    0.12766    1.00000   14.40000
  -0.35927   -0.94667   -1.00000    0.29326   -1.00000   -0.18518   -0.11477   -0.19670   -0.52816    1.00000    0.82824    0.61702    0.86802   20.60000
  -0.56071   -0.99857   -1.00000   -0.01540   -1.00000   -0.32099    0.18069    0.69310   -0.58325   -0.65217   -0.66031   -0.19149    0.97922   28.70000
  -0.90066   -0.99829   -0.56000   -0.60411   -1.00000   -0.81070    0.30140   -0.91967    0.41442   -0.47826   -0.45420    0.38298    0.94548   29.60000
  -0.87748   -0.99982    1.00000   -0.93695   -1.00000   -0.89300    0.24737   -0.22554    0.30859   -0.65217   -0.73664   -0.46809    0.97983   31.60000
   0.59271   -0.13801   -1.00000    0.29326   -1.00000    0.26749   -0.27496    1.00000   -0.93453    1.00000    0.82824    0.61702    1.00000    5.00000
  -0.29029   -0.99222   -1.00000    0.57111   -1.00000   -0.01646    0.10864    0.96704   -0.86902   -0.73913   -0.04580    0.82979    0.98578   17.10000
   0.53422   -0.94690   -1.00000    0.40176   -1.00000    1.00000   -0.47691    0.91143   -0.93976   -0.65217   -0.17557   -0.55319    0.97383   14.60000
  -0.01821   -0.78155   -1.00000    0.29326   -1.00000    0.46091    0.09025    0.94233   -0.82986    1.00000    0.82824    0.61702    0.94483   17.10000
   0.43874   -0.94666   -1.00000    0.40176   -1.00000    1.00000   -0.01552    1.00000   -0.94735   -0.65217   -0.17557   -0.55319   -0.12961   13.80000
  -0.72848   -0.99740   -1.00000   -0.82185   -1.00000   -0.75309    0.17417    0.13079   -0.56977   -0.91304   -0.66031    0.14894    0.80372   28.40000
  -0.43488   -0.99786   -1.00000   -0.09311   -1.00000   -0.78601    0.04158    0.47477   -0.46847   -0.65217   -0.19466    0.29787    0.88280   20.00000
  -0.34216   -0.99810   -0.60000   -0.52346    1.00000   -0.67490   -0.09600    0.20700   -0.49297   -0.82609   -0.86260    0.27660    0.97196   20.70000
  -0.18433   -0.98125   -1.00000   -0.43695   -1.00000   -0.37037   -0.21901    0.70546   -0.39528   -0.73913   -0.54199    0.78723    0.52857   13.90000
  -0.38245   -0.99477   -1.00000   -0.32331   -1.00000   -0.17696   -0.05806    0.28527   -0.76730   -0.56522   -0.22137    0.40426    1.00000   21.20000
  -0.47075   -0.94508   -1.00000    0.40176   -1.00000   -0.09465    0.08871    0.90113   -0.79396   -0.65217   -0.17557   -0.55319    0.66282   22.30000
   0.21192   -0.46854   -1.00000    0.29326   -1.00000    0.17696    0.08028    0.92173   -0.95335    1.00000    0.82824    0.61702    1.00000   13.10000
  -0.22406   -0.95183   -1.00000    0.40176   -1.00000    1.00000   -0.17685    0.96910   -0.91023   -0.65217   -0.17557   -0.55319    0.31943   19.40000
  -0.91556   -0.89003   -1.00000    0.29326   -1.00000    0.01235   -0.46005    1.00000   -0.96310    1.00000    0.82824    0.61702    0.89218   50.00000
  -0.09492   -0.89331   -1.00000    0.29326   -1.00000    0.34979    0.13585    0.72194   -0.76244    1.00000    0.82824    0.61702   -0.74482   14.10000
  -0.32340   -0.85054   -1.00000    0.29326   -1.00000    0.34979    0.05614    0.64985   -0.70814    1.00000    0.82824    0.61702    1.00000   19.50000
  -0.84216   -0.99931   -0.60000   -0.78959   -1.00000   -0.76173    0.30561   -0.29351   -0.25159   -0.65217   -0.88931   -0.51064    0.97645   35.40000
  -0.71689   -0.99667   -0.50000   -0.65763   -1.00000   -0.72016   -0.00977   -0.45829    0.21583   -0.39130   -0.62977    0.51064    0.96863   23.30000
  -0.87031   -0.99924    0.60000   -0.92229   -1.00000   -0.92181    0.42786   -0.35736    0.12384   -0.91304   -0.45801   -1.00000    1.00000   33.30000
   0.22792   -0.99170   -1.00000   -0.25733    1.00000   -0.57202   -0.29373    0.76519   -0.53889   -0.73913   -0.65649    0.27660    0.99163   19.30000
  -0.56126   -0.99870   -1.00000   -0.59677   -1.00000   -0.53086   -0.09101    0.34501   -0.59430   -0.65217   -0.64886    0.40426    1.00000   18.90000
  -0.12197   -0.80924   -1.00000    0.29326   -1.00000   -0.18107    0.06802    0.71370   -0.83212    1.00000    0.82824    0.61702   -0.58077   14.50000
   0.37472   -0.41701   -1.00000    0.29326   -1.00000    0.20988   -0.33206    0.77549   -0.90581    1.00000    0.82824    0.61702   -0.35932   10.40000
  -0.28422   -0.84725   -1.00000    0.29326   -1.00000    0.34979   -0.03430    0.67868   -0.71121    1.00000    0.82824    0.61702    1.00000   20.00000
  -0.10651   -0.99765   -1.00000   -0.01540    1.00000   -0.32099   -0.08412    0.87230   -0.67996   -0.65217   -0.66031   -0.19149    1.00000   21.50000
  -0.60265   -0.99891   -0.34000   -0.87390   -1.00000   -0.64197    0.17072    0.13697   -0.59254   -0.47826   -0.86641    0.23404    0.98215   28.40000
  -0.14183   -0.97866   -1.00000   -0.43695   -1.00000   -0.37037   -0.04733    0.76931   -0.39550   -0.73913   -0.54199    0.78723    0.54350   14.80000
  -0.98620   -0.99939    0.50000   -0.81745   -1.00000   -0.82305    0.32707   -0.73430   -0.22314   -0.82609   -0.75191    0.21277    0.99355   34.90000
  -0.60927   -0.99909   -1.00000   -0.78372   -1.00000   -0.57202    0.09446    0.30175   -0.64304   -0.91304   -0.68321    0.10638    0.97620   22.60000
  -0.55960   -0.99209   -1.00000   -0.57918    1.00000   -0.49794    0.29910    0.76313   -0.68498   -0.39130   -0.54199    0.02128    0.97378   26.70000
  -0.56954   -0.79260   -1.00000    0.29326   -1.00000    0.01235    0.01744    1.00000   -0.99282    1.00000    0.82824    0.61702    0.84492   50.00000
  -0.92108   -0.99980    0.80000   -0.94501    1.00000   -0.93416    0.67158   -0.54892   -0.13514   -1.00000   -0.95801   -0.78723    0.99304   50.00000
  -0.90011   -0.99185   -0.56000   -0.60411   -1.00000   -0.81070    0.80034   -0.88671    0.41442   -0.47826   -0.45420    0.38298    1.00000   42.80000
  -0.80574   -0.98974   -1.00000   -0.57918   -1.00000   -0.51029    0.47576    0.52420   -0.53771   -0.39130   -0.54199    0.02128    0.89530   31.70000
  -0.08389   -0.99299   -1.00000   -0.30792   -1.00000   -0.34568   -0.09829    0.65397   -0.47822   -0.73913   -0.55344    0.23404    0.96873   17.80000
  -0.12417   -0.79821   -1.00000    0.29326    1.00000    0.58436    0.01590    0.94645   -0.81948    1.00000    0.82824    0.61702    0.90332   17.80000
   0.41556   -0.06659   -1.00000    0.29326   -1.00000    0.26749   -0.24507    0.69928   -0.91310    1.00000    0.82824    0.61702    0.65989    8.50000
  -0.56622   -0.98800   -0.60000   -0.74267   -1.00000    0.07819    0.39567    0.62513   -0.82131   -0.65217   -0.70611   -0.91489    0.97932   33.80000
  -0.53311   -0.91746   -1.00000    0.29326   -1.00000    0.58436   -0.30983    0.92173   -0.82286    1.00000    0.82824    0.61702    0.91875   20.80000
  -0.45309   -0.94973   -1.00000    0.40176   -1.00000   -0.09465   -0.12129    0.83110   -0.76495   -0.65217   -0.17557   -0.55319    0.99097   22.70000
  -0.31567   -0.92903   -1.00000    0.29326   -1.00000    0.11111   -0.15769   -0.06694   -0.64774    1.00000    0.82824    0.61702    0.68480   19.90000
  -0.02649   -0.86814   -1.00000    0.29326   -1.00000    0.26749    0.08986    0.91761   -0.90048    1.00000    0.82824    0.61702    1.00000   12.50000
  -0.26104   -0.96836   -1.00000    0.40176    1.00000    1.00000   -0.01590    0.91761   -0.88728   -0.65217   -0.17557   -0.55319    0.61733   17.00000
  -0.24724   -0.99721   -1.00000   -0.29985   -1.00000   -0.33333   -0.11439    0.44593   -0.75486   -0.56522   -0.06489    0.10638    0.70614   20.40000
  -0.78091   -0.99895   -1.00000   -0.78372   -1.00000   -0.57202    0.34815    0.23996   -0.58445   -0.91304   -0.68321    0.10638    0.99576   28.70000
  -0.64128   -0.99990    0.10000   -0.86877   -1.00000   -0.98354    0.10826   -0.40268    0.12353   -1.00000   -0.56870   -0.42553    0.98901   22.00000
   0.21744   -0.71235   -1.00000    0.29326   -1.00000    0.46091   -0.12129    0.92997   -0.86069    1.00000    0.82824    0.61702    0.21136   10.80000
  -0.42660   -0.97482   -1.00000    0.40176    1.00000    1.00000   -0.44396    0.75283   -0.91259   -0.65217   -0.17557   -0.55319    0.72959   15.30000
   0.17881   -0.99035   -1.00000   -0.25733    1.00000   -0.57202   -0.31673    1.00000   -0.50070   -0.73913   -0.65649    0.27660    1.00000   20.00000
  -0.52152   -0.99830   -1.00000   -0.01320   -1.00000   -0.78601   -0.06189   -0.18847   -0.20467   -0.73913   -0.61069   -0.27660    1.00000   21.70000
  -0.87307   -0.99953   -1.00000   -0.51540   -1.00000   -0.65432    0.38877    0.19876   -0.30208   -0.91304   -0.79008    0.10638    0.97947   34.70000
  -0.84106   -0.99946    0.10000   -0.75660   -1.00000   -0.59259    0.26959   -0.48095   -0.02958   -0.65217   -0.30153    0.06383    0.95496   31.20000
  -0.15949   -0.98760   -1.00000    0.57111   -1.00000   -0.01646    0.06304    0.96293   -0.82157   -0.73913   -0.04580    0.82979    0.98875   18.10000
  -0.29912   -0.97300   -1.00000    0.40176   -1.00000   -0.09465   -0.11324    0.88877   -0.76424   -0.65217   -0.17557   -0.55319    0.47244   17.40000
  -0.21082   -0.99526   -1.00000   -0.25733    1.00000   -0.57202   -0.13930    0.04840   -0.54114   -0.73913   -0.65649    0.27660    0.96994   22.40000
  -0.61038   -0.99726   -0.75000   -0.58871   -1.00000   -0.90124   -0.10941   -0.38002   -0.02365   -0.73913   -0.39695    0.34043    1.00000   20.90000
  -0.10596   -0.99805   -1.00000    0.84677   -1.00000   -0.19342   -0.08028    0.85376   -0.82590   -0.91304   -0.99618    0.38298    0.90514   20.50000
  -0.52704   -0.99675   -1.00000   -0.29985   -1.00000   -0.33333   -0.05729    0.64161   -0.70577   -0.56522   -0.06489    0.10638    0.98795   19.20000
  -0.73344   -0.99585   -0.56000   -0.60411   -1.00000   -0.81070    0.20981   -0.69928    0.21796   -0.47826   -0.45420    0.38298    0.98406   26.20000
  -0.42605   -0.73149   -1.00000    0.29326   -1.00000    0.12757   -0.21556    1.00000   -0.97170    1.00000    0.82824    0.61702    0.67316   27.90000
  -0.59327   -0.99826   -1.00000   -0.09311   -1.00000   -0.78601   -0.11362   -0.30587   -0.38655   -0.65217   -0.19466    0.29787    0.99576   20.30000
  -0.25828   -0.80581   -1.00000    0.29326   -1.00000    0.26749    0.00862    0.84758   -0.87967    1.00000    0.82824    0.61702    1.00000   13.80000
  -0.79249   -0.99835    0.20000   -0.90982   -1.00000   -0.89300    0.15654   -0.32029    0.74244   -0.73913   -0.14504    0.21277    0.86827   24.10000
  -0.33223   -0.98099   -1.00000   -0.43695   -1.00000   -0.37037   -0.07875    0.77755   -0.47573   -0.73913   -0.54199    0.78723    0.97796   19.60000
  -0.65121   -0.99918    0.60000   -0.89370   -1.00000   -0.88477   -0.19448   -0.60865    0.71978   -0.73913   -0.43893    1.00000    0.92889   18.20000
  -0.75386   -0.99860   -1.00000   -0.82185   -1.00000   -0.75309    0.47729    0.22760   -0.56977   -0.91304   -0.66031    0.14894    1.00000   33.20000
   0.43378   -0.96894   -1.00000   -0.43695   -1.00000   -0.37037   -0.08450    0.62925   -0.47978   -0.73913   -0.54199    0.78723    0.17142   13.20000
   0.38190   -0.43712   -1.00000    0.29326   -1.00000    0.26749   -0.07032    1.00000   -0.91649    1.00000    0.82824    0.61702    1.00000    5.60000
   0.18985   -0.84165   -1.00000    0.29326   -1.00000   -0.05761   -0.02587    0.69310   -0.83774    1.00000    0.82824    0.61702   -0.98890   13.40000
  -0.14846   -0.80250   -1.00000    0.29326   -1.00000   -0.18107   -0.23204    0.39444   -0.83015    1.00000    0.82824    0.61702   -0.98321   11.70000
  -0.75773   -0.99247   -1.00000   -0.49267   -1.00000   -0.55556    0.09370   -0.23378   -0.34682   -0.65217   -0.61832    0.48936    1.00000   25.00000
   0.32174   -0.73988   -1.00000    0.29326   -1.00000    0.29630   -0.43476    0.93821   -0.88353    1.00000    0.82824    0.61702    1.00000    9.70000
  -0.45199   -0.89568   -1.00000    0.29326   -1.00000   -0.05761    0.31021    0.33265   -0.74478    1.00000    0.82824    0.61702    0.88794   29.80000
  -0.66887   -0.99757   -0.60000   -0.52346   -1.00000   -0.67490    0.14083    0.14933   -0.49297   -0.82609   -0.86260    0.27660    0.99022   24.40000
  -0.14569    1.00000   -1.00000    0.29326   -1.00000    0.17696    0.30561    0.83316   -0.94782    1.00000    0.82824    0.61702    1.00000   10.40000
   0.07671   -0.77931   -1.00000    0.29326   -1.00000    0.17696    0.23893    0.97528   -0.95846    1.00000    0.82824    0.61702    1.00000   13.30000
  -0.34547   -0.99386   -1.00000   -0.32331   -1.00000   -0.17696   -0.09370   -0.18229   -0.77228   -0.56522   -0.22137    0.40426    1.00000   24.50000
   0.52097   -0.93765   -1.00000    0.40176   -1.00000    1.00000   -0.48573    0.95469   -0.96066   -0.65217   -0.17557   -0.55319    1.00000   11.80000
  -0.46744   -0.99760   -0.40000   -0.67229   -1.00000   -0.82305    0.27841    0.05870   -0.05310   -0.56522   -0.56870   -0.14894    0.97151   22.00000
  -0.69702   -0.99914   -0.50000   -0.67742   -1.00000   -0.83128    0.17187    0.39032   -0.22322   -0.73913   -0.64122    0.36170    0.99360   23.90000
  -0.54746   -0.98613   -1.00000   -0.57918    1.00000   -0.49794    0.27151    0.54068   -0.61035   -0.39130   -0.54199    0.02128    0.96717   27.50000
   1.00000   -0.58431   -1.00000    0.29326   -1.00000    0.16461   -0.77889    1.00000   -0.99865    1.00000    0.82824    0.61702    1.00000   13.80000
   0.80353   -0.96353   -1.00000    0.57111   -1.00000   -0.01646   -0.44127    1.00000   -0.94366   -0.73913   -0.04580    0.82979    1.00000   14.40000
  -0.31236   -0.91389   -1.00000    0.29326   -1.00000    0.58436    0.03085    0.81668   -0.78796    1.00000    0.82824    0.61702    0.76676   19.90000
  -0.64846   -0.99884   -0.75000   -0.58871   -1.00000   -0.90124   -0.11209   -0.61895   -0.02365   -0.73913   -0.39695    0.34043    0.99652   22.00000
  -0.20033   -0.87468   -1.00000    0.29326   -1.00000    0.34979    0.10174    0.75077   -0.78427    1.00000    0.82824    0.61702   -0.49634   14.30000
   0.36148   -0.83371   -1.00000    0.29326   -1.00000   -0.12757   -0.21211    0.95675   -0.94087    1.00000    0.82824    0.61702    0.58515   17.20000
   0.53532   -0.99363   -1.00000   -0.25733   -1.00000   -0.57202   -0.29067   -0.85788   -0.55298   -0.73913   -0.65649    0.27660    0.75808   23.70000
  -0.31788   -0.99719   -1.00000   -0.40616   -1.00000   -0.44444   -0.01667    0.69516   -0.81944   -0.65217   -0.24809    0.76596    0.95355   20.40000
  -0.07671   -0.99584   -0.56000   -0.60411   -1.00000   -0.81070   -0.21671    0.38620    0.24131   -0.47826   -0.45420    0.38298    0.96081   18.50000
  -0.61810   -0.99958   -1.00000   -0.89516   -1.00000   -0.45267    0.14160    0.16993   -0.06568   -1.00000   -0.10305   -0.29787    0.96500   16.50000
  -0.73234   -0.99515   -0.60000   -0.52346    1.00000   -0.67490    0.58268    0.00721   -0.41131   -0.82609   -0.86260    0.27660    0.96909   35.20000
  -0.41832   -0.99726   -1.00000   -0.40616   -1.00000   -0.44444    0.11631    0.94027   -0.76297   -0.65217   -0.24809    0.76596    0.99163   19.80000
  -0.63024   -0.99902   -0.58000   -0.62024   -1.00000   -0.77778   -0.06610   -0.61895    0.03395   -0.73913   -0.78626   -0.10638    1.00000   23.40000
  -0.65342   -0.99925   -1.00000   -0.65323   -1.00000   -0.46502   -0.05116   -0.34913   -0.11690   -0.65217   -0.85878    0.61702    1.00000   21.10000
  -0.55464   -0.99937   -1.00000   -0.65323   -1.00000   -0.46502   -0.11554   -0.10608   -0.25406   -0.65217   -0.85878    0.61702    1.00000   19.50000
  -0.84216   -0.97264   -1.00000    0.40176   -1.00000   -0.09465    0.29603    0.94645   -0.86402   -0.65217   -0.17557   -0.55319    0.83121   41.30000
   0.08113   -0.90073   -1.00000    0.29326   -1.00000   -0.18107   -0.06419    0.88671   -0.74344    1.00000    0.82824    0.61702    0.66912   19.10000
  -0.29415   -0.15352   -1.00000    0.29326   -1.00000    0.20988    0.01207    0.56128   -0.86664    1.00000    0.82824    0.61702   -0.90670   10.90000
  -0.61148   -0.99834   -1.00000   -0.59677   -1.00000   -0.53086   -0.12282   -0.20494   -0.48993   -0.65217   -0.64886    0.40426    1.00000   21.00000
  -0.47627   -0.99783   -0.40000   -0.67229   -1.00000   -0.82305    0.07185    0.02987    0.07410   -0.56522   -0.56870   -0.14894    0.87821   22.20000
  -0.46965   -0.99756   -1.00000   -0.82185   -1.00000   -0.75309   -0.00287    0.37384   -0.56977   -0.91304   -0.66031    0.14894    0.97443   21.40000
  -0.55022   -0.99657   -1.00000   -0.24120   -1.00000   -0.88477   -0.08028   -0.69928   -0.24384   -0.73913   -0.54962    0.40426    0.89934   21.70000
  -0.28091   -0.70622   -1.00000    0.29326   -1.00000   -0.19753   -0.17532    0.10814   -0.69189    1.00000    0.82824    0.61702    1.00000   20.10000
  -0.80408   -0.99894   -0.58000   -0.62024   -1.00000   -0.77778    0.13048   -0.62513    0.03395   -0.73913   -0.78626   -0.10638    1.00000   25.00000
  -0.67053   -0.99225   -1.00000   -0.49267   -1.00000   -0.55556   -0.04963   -0.03193   -0.34682   -0.65217   -0.61832    0.48936    1.00000   20.40000
   0.10651   -0.59851   -1.00000    0.29326   -1.00000    0.17696    0.02012    1.00000   -0.95335    1.00000    0.82824    0.61702    0.98406   10.20000
  -0.65121   -0.99007   -1.00000   -0.57918    1.00000   -0.49794    0.21288    0.30999   -0.54127   -0.39130   -0.54199    0.02128    0.81492   29.00000
  -0.77042   -0.99949   -0.20000   -0.94208   -1.00000   -0.81893    0.29450   -0.34913    0.39358   -1.00000   -0.43511    0.51064    0.96445   26.60000
  -0.43101   -0.99718   -1.00000   -0.29985   -1.00000   -0.33333    0.00211    0.43357   -0.70892   -0.56522   -0.06489    0.10638    0.98185   21.20000
  -0.69812   -0.99638   -1.00000   -0.49267   -1.00000   -0.55556    0.09791    0.01751   -0.37968   -0.65217   -0.61832    0.48936    1.00000   23.80000
  -0.65949   -0.99409   -1.00000   -0.30792   -1.00000   -0.34568    0.03660    0.64573   -0.61204   -0.73913   -0.55344    0.23404    0.98230   21.60000
  -0.93212   -0.85315   -1.00000    0.29326    1.00000    0.01235    0.32401    0.94851   -0.98676    1.00000    0.82824    0.61702    0.97554   50.00000
  -0.51159   -0.91756   -1.00000    0.29326   -1.00000   -0.18518    0.05422    0.00927   -0.47947    1.00000    0.82824    0.61702    0.95824   21.20000
  -0.08278   -0.97425   -1.00000   -0.43695   -1.00000   -0.37037   -0.17992    0.89701   -0.51666   -0.73913   -0.54199    0.78723    0.80771   13.10000
  -0.56899   -0.98844   -1.00000   -0.57918    1.00000   -0.49794    0.17647    0.51596   -0.45104   -0.39130   -0.54199    0.02128    0.95739   25.10000
  -0.28698   -0.91712   -1.00000    0.29326   -1.00000    0.34979    0.07875    0.76107   -0.73856    1.00000    0.82824    0.61702    0.97241   17.70000
  -0.62969   -0.99854   -1.00000   -0.70454   -1.00000   -0.73663   -0.01897    0.11020   -0.52387   -0.82609   -0.77099    0.25532    0.99118   22.20000
  -0.28587   -0.98251   -1.00000   -0.43695   -1.00000   -0.37037   -0.06917    0.62307   -0.43106   -0.73913   -0.54199    0.78723    0.94881   17.50000
   0.82340   -0.75044   -1.00000    0.29326   -1.00000    0.16461   -0.48458    1.00000   -0.99189    1.00000    0.82824    0.61702    1.00000   13.80000
  -0.84382   -0.99731   -0.10000   -0.78153   -1.00000   -0.78601    0.14773   -0.46035   -0.37490   -0.65217   -0.19466   -0.44681    0.92909   29.80000
   0.08113   -0.99453   -1.00000    0.57111   -1.00000   -0.01646   -0.12014    0.96293   -0.90197   -0.73913   -0.04580    0.82979    0.97549   13.30000
  -0.26656   -0.92068   -1.00000    0.40176    1.00000    1.00000   -0.00709    0.64161   -0.88799   -0.65217   -0.17557   -0.55319   -0.55777   15.60000
  -0.60541   -0.81430   -1.00000    0.29326    1.00000    0.16461   -0.11324    0.78579   -1.00000    1.00000    0.82824    0.61702    0.75279   50.00000
  -0.30243   -0.99859   -1.00000    0.84677   -1.00000   -0.19342   -0.11516    0.37590   -0.79483   -0.91304   -0.99618    0.38298    0.96092   22.00000
  -0.48179   -0.98688   -1.00000    0.57111   -1.00000   -0.01646    0.07722    0.95675   -0.78216   -0.73913   -0.04580    0.82979    0.94382   23.00000
  -0.74448   -0.99829   -0.40000   -0.67229   -1.00000   -0.82305    0.11899   -0.67868   -0.07969   -0.56522   -0.56870   -0.14894    0.91180   23.70000
  -0.06457   -0.89064   -1.00000    0.29326   -1.00000   -0.05761    0.12014    0.86818   -0.78618    1.00000    0.82824    0.61702    0.99652   16.70000
  -0.34989   -0.99912   -1.00000   -0.01540    1.00000   -0.32099   -0.10826    0.09372   -0.63944   -0.65217   -0.66031   -0.19149    0.97932   23.30000
  -0.35375   -0.99539   -1.00000   -0.40616   -1.00000   -0.44444   -0.01284    0.74047   -0.71172   -0.65217   -0.24809    0.76596    0.98775   19.30000
