   0.53441    0.03197   -0.20172    0.67123    0.61494   -0.88341    0.72411
   0.49080    0.06255    0.84203    0.35453   -0.83396    0.21569    0.95725
  -0.50806    0.44201   -0.91245    0.36789    0.56110    0.18006    0.75966
   0.60492    0.12751    0.70432    0.43514   -0.52917   -0.18723    1.03857
   0.66731   -0.48564    0.19657    0.47804   -0.28344    0.09419    1.10412
   0.83828   -0.37431    0.20347    0.85532   -0.13950    0.22263    0.63476
   0.78213   -0.57017    0.31096    0.14934   -0.39689    0.34043    1.12370
   0.22749    0.25313    0.73809   -0.20714    0.27202    0.94428    1.02329
   0.75843   -0.55116    0.23578    0.62187    0.46659   -0.23498    0.98171
   0.26766    0.39837   -0.61670    0.61958    0.54986   -0.94380    0.64798
  -0.16420    0.66482    0.63417   -0.33745   -0.49679    0.50620    1.19900
   0.57963   -0.36291    0.54891   -0.21720   -0.37600    0.23276    1.16637
   0.75817   -0.42165    0.15309    0.80553   -0.16146    0.17683    0.87043
  -0.55258    0.37566   -0.33603    0.06375    0.64006    0.59556    0.68707
   0.90016   -0.35488    0.38972    0.87767   -0.02199    0.19282    0.73740
   0.64501   -0.05125    0.20413    0.87785    0.40350   -0.50290    0.62340
  -0.55434    0.61768   -0.97717    0.40906    0.65913   -0.11293    0.86200
  -0.39485    0.60753   -0.59504   -0.25825    0.33428    0.28589    1.14006
   0.69772   -0.41257    0.15841    0.81719   -0.10900    0.01589    1.09753
   0.35462    0.36197    0.15251   -0.43649    0.26687    0.68944    1.14958
   0.85844   -0.36633    0.21994    0.85343   -0.14057    0.23237    0.87538
   0.90591   -0.60379    0.28695    0.16464   -0.32586    0.29558    0.95204
  -0.39254    0.69305   -0.20009   -0.57876    0.29964    0.16296    0.93892
  -0.33610    0.66260   -0.00768   -0.57479    0.18743    0.37739    1.04757
   0.44081   -0.50290    0.64501    0.66942   -0.29825   -0.54517    1.00175
  -0.01747    0.55135   -0.20937   -0.35735    0.39053    0.87734    1.10745
   0.00440    0.38254    0.38808   -0.36617    0.20034    0.87376    1.12307
   0.34724   -0.61375   -0.00643    0.60638   -0.62710   -0.23194    0.93052
   0.25295   -0.51733   -0.21333    0.34854    0.71812   -0.22089    0.68917
  -0.52605    0.72473    0.45579   -0.84311    0.13881    0.61164    1.22178
   0.31588    0.28826    0.21391   -0.39757    0.28678    0.72772    1.11438
   0.33626    0.48924    0.82248   -0.04148    0.20946    0.95785    1.19268
  -0.39099    0.51383    0.61776   -0.97875    0.28935    0.63532    0.97601
  -0.35933    0.60869   -0.56145   -0.29715    0.33599    0.25924    0.90412
   0.59149   -0.31488    0.27226    0.73053   -0.08347   -0.41416    1.06735
   0.09167    0.55162   -0.29984    0.23347    0.95823   -0.00918    0.59165
   0.40078    0.38260    0.12769   -0.44737    0.28152    0.69189    1.14895
   0.34303   -0.02199    0.19282    0.90016    0.30609   -0.85186    0.70479
   0.34043   -0.22292   -0.57017    0.31096    0.14934   -0.39689    0.55301
  -0.48170    0.58759   -0.88524    0.08795    0.45899    0.18990    1.11565
   0.25594    0.41378    0.81222   -0.14898    0.24096    0.96070    1.09432
   0.84217    0.31759    0.64018   -0.35186   -0.40986    0.44637    1.28803
   0.18507   -0.11876    0.21947    0.85297    0.28863   -0.77992    0.72865
   0.51440   -0.28145    0.35998    0.83727   -0.01153   -0.65166    0.98680
   0.33059   -0.01747    0.19021    0.89846    0.30466   -0.85257    0.69911
   0.60031   -0.33098    0.23341    0.91988    0.08216   -0.49108    0.97260
  -0.32721    0.72404   -0.15515   -0.61486    0.31381    0.11379    0.86903
   0.21086    0.03495   -0.32533    0.31491    0.89268   -0.07922    0.41764
   0.18874    0.05770    0.12489    0.84333    0.33354   -0.80330    0.60879
   0.14804    0.52140    0.68289   -0.23530   -0.56353    0.31407    1.16894
   0.36262    0.12020    0.60086   -0.71517   -0.11668    0.35197    1.21949
  -0.39093    0.65196   -0.25899   -0.51789    0.27662    0.24207    1.08778
   0.87803   -0.32294    0.31898    0.28489   -0.35109    0.23512    1.05108
   0.24761    0.52280   -0.48338    0.68844    0.50059   -0.91579    0.78657
   0.16464    0.57913    0.71269   -0.14928   -0.60379    0.28695    1.24631
  -0.41416   -0.21841   -0.31488    0.27226    0.73053   -0.08347    0.43047
   0.95823   -0.12147    0.34768    0.55162   -0.29984    0.23347    0.86249
  -0.50949    0.48923   -0.31253    0.23591    0.94536    0.10974    0.63765
   0.71129   -0.48762    0.08654    0.59509    0.59240   -0.45047    0.95039
  -0.50541    0.59182   -0.96221    0.26532    0.57066    0.04005    0.90278
   0.17287    0.57324   -0.13377   -0.47562    0.39860    0.78243    1.12652
   0.60479   -0.11668    0.35197    0.36262   -0.36157   -0.04331    1.21721
   0.85367   -0.33321    0.34025    0.90722    0.00409    0.15900    0.92695
   0.36938   -0.77404    0.07408    0.61030   -0.54163   -0.34307    0.68682
   0.54218   -0.24051    0.25745    0.97767    0.20325   -0.70372    0.60082
   0.56920    0.13970    0.89409    0.35238   -0.87222    0.39375    1.11762
   0.20034   -0.79292   -0.01429    0.38254    0.38808   -0.36617    0.47508
  -0.58094    0.59671    0.64051   -0.97144    0.44525    0.58230    1.13674
   0.59182    0.25745    0.97767    0.20325   -0.70372    0.54218    1.06639
   0.08216    0.31283    0.40913   -0.33098    0.23341    0.91988    1.11209
   0.10974    0.32005    0.48923   -0.31253    0.23591    0.94536    1.09379
  -0.43110    0.28734   -0.81605    0.24950    0.51453    0.39369    0.80494
  -0.58603    0.68944    0.35462   -0.56090   -0.07927    0.60743    1.24786
  -0.81605    0.89524   -0.08379    0.21248    0.87675    0.28734    1.06652
   0.58187    0.33428    0.28589   -0.39485    0.09470    0.62955    1.07627
   0.08654   -0.91996    0.18773    0.48033    0.20942   -0.48762    0.96585
   0.61994    0.36296    0.57291   -0.69167   -0.09400    0.37718    1.14080
  -0.21735    0.69228   -0.79247    0.60072    0.53445   -0.63694    0.75035
   0.12724    0.21953    0.33069   -0.30818    0.29470    0.93884    1.16127
   0.36845    0.48610    0.80714    0.01161    0.18903    0.93613    1.14144
  -0.41516    0.47738   -0.49329    0.65909    0.61891   -0.38242    0.86585
  -0.13743    0.66656   -0.26974    0.20787    0.98901    0.07275    0.55510
   0.28997    0.15541    0.66417   -0.23918    0.28333    0.85302    1.02685
   0.59241    0.29932    0.86130    0.23132   -0.77128    0.23515    1.08570
  -0.21618    0.49296    0.25296   -0.45539    0.15719    0.70862    1.15228
   0.07408    0.36570   -0.13002    0.77830    0.40775   -0.77404    0.82493
  -0.91341    0.87376    0.00440   -0.27764    0.64503    0.63022    1.04599
   0.98220   -0.20920    0.35118    0.71702   -0.22168    0.25224    0.78302
   0.69016    0.33059    0.54208    0.29528   -0.47889    0.13853    1.27161
   0.93613   -0.48006    0.48610    0.80714    0.01161    0.18903    0.83938
   0.19021   -0.20937   -0.35735    0.39053    0.87734   -0.01747    0.58085
   0.01642    0.41460   -0.88423    0.43794    0.55952   -0.80697    0.74187
   0.35515   -0.44256    0.60807    0.74949   -0.13637   -0.63921    1.04359
   0.63022    0.20034    0.87376    0.00440   -0.27764    0.64503    1.04160
   0.12489    0.05512   -0.35354    0.36064    0.88741    0.05770    0.46409
  -0.00643   -0.39757    0.28678    0.72772    0.31588   -0.61375    0.98752
  -0.81556    0.83582   -0.12840    0.24086    0.95483    0.27431    0.69549
   0.61776    0.31075    0.90539    0.07451   -0.69228    0.51383    1.16028
  -0.35854    0.72755   -0.04680   -0.62628    0.23530    0.23725    0.85934
   0.93179   -0.50404    0.16961    0.54187   -0.27040    0.30199    0.98646
  -0.64150    0.95823   -0.00918    0.09167    0.76478    0.39214    1.08712
  -0.05125    0.50620   -0.16420   -0.33497    0.36754    0.88410    0.96946
   0.13970   -0.26226   -0.50259    0.44664    0.79310    0.09190    0.55007
   0.18773    0.36845   -0.75322    0.55240    0.55842   -0.91996    0.70936
  -0.99342    0.83076   -0.02787   -0.67688    0.48500    0.64143    1.07274
  -0.23340    0.64455    0.54357   -0.56579   -0.28871    0.56907    1.20072
   0.62955   -0.25825    0.33428    0.28589   -0.39485    0.09470    1.18294
   0.16874   -0.90373    0.14671    0.46636    0.22070   -0.44092    0.89531
   0.69566   -0.39485    0.09470    0.62955    0.58187   -0.48958    0.87059
  -0.54517    0.40350   -0.50290    0.64501    0.66942   -0.29825    0.74499
   0.58759    0.30199    0.93179    0.18960   -0.80605    0.40119    0.94386
   0.66824   -0.41416    0.59149    0.66151   -0.95341    0.48896    1.09767
  -0.24488    0.60072    0.53445   -0.63694   -0.21735    0.58267    1.29268
  -0.78607    0.90016    0.30609   -0.85186    0.34303    0.57859    1.26009
   0.20226    0.68126    0.51418   -0.93025    0.27647    0.51504    1.27518
   0.61547    0.16874    0.71890   -0.14067   -0.04600    0.66865    1.08783
   0.47738    0.17854    0.86177   -0.13042    0.17875    0.77598    1.15681
   0.94501   -0.42200    0.48447    0.82372   -0.03199    0.20596    1.13992
   0.34833   -0.97875    0.28935    0.63532   -0.39099   -0.46653    0.98586
  -0.34074    0.86018    0.40519   -0.46206    0.65549    0.64465    0.96335
   0.23578   -0.95962    0.26037    0.55707    0.06987   -0.55116    0.54470
  -0.21863    0.87804    0.01436   -0.30216    0.62713    0.70863    1.05611
  -0.36411    0.45579   -0.84311    0.13881    0.61164   -0.52605    0.80088
   0.78150   -0.35854    0.33989    0.82422    0.21797   -0.02802    1.01581
   0.13853   -0.85257    0.33059    0.54208    0.29528   -0.47889    0.94996
   0.70432   -0.47889    0.13853    0.69016   -0.19738    0.12751    1.02420
   0.31407   -0.90666    0.52140    0.68289   -0.23530   -0.56353    0.77651
   0.50593   -0.30818    0.29470    0.93884    0.12724   -0.72464    0.62634
   0.65258    0.39238    0.80016   -0.05580   -0.62696    0.51583    1.15498
   0.39076   -0.76674    0.00756    0.61580   -0.43954   -0.27285    0.95564
   0.55707   -0.70542    0.54500    0.58862   -0.95962    0.26037    0.98624
   0.17225    0.55523    0.56474   -0.93247    0.21056    0.50010    1.26965
  -0.58600    0.24207   -0.39093    0.26397    0.71106    0.34333    0.45059
  -0.62900    0.70870    0.42999   -0.27160    0.72435    0.47411    0.95256
  -0.51089    0.58741   -0.69754    0.61493    0.64824   -0.35091    0.74435
  -0.28678    0.46925   -0.70020   -0.08074    0.61195   -0.40067    0.77777
   0.53445   -0.20431    0.58018    0.69228   -0.79247    0.60072    0.97057
  -0.45467    0.55340   -0.62998    0.63182    0.64425   -0.34543    0.71122
   0.60862   -0.03199    0.20596    0.94501    0.35912   -0.62579    0.57983
   0.64013    0.39076    0.83513   -0.01967   -0.66975    0.49659    1.16114
  -0.32533    0.74949   -0.13637   -0.63921    0.35515    0.03495    0.84210
   0.69614   -0.14898    0.24096    0.96070    0.25594   -0.29285    0.67763
  -0.80330    0.88741    0.05770    0.12489    0.84333    0.33354    0.86374
   0.14671    0.33309   -0.80077    0.50945    0.56482   -0.90373    0.65337
   0.55135   -0.54101    0.66209    0.56344   -0.50157   -0.35415    0.77534
  -0.27183    0.61015    0.19825   -0.54229    0.13465    0.55627    0.99328
   0.43794    0.20517    0.06413    0.86280    0.41460   -0.88423    0.66774
   0.14934    0.53441    0.68738   -0.22292   -0.57017    0.31096    1.30874
   0.85884   -0.53887    0.33631    0.11921   -0.33930    0.26026    0.96941
   0.61455   -0.36844    0.72634    0.45024   -0.76377    0.01822    0.94745
  -0.02096    0.44564    0.61042   -0.95130    0.19786    0.57965    0.93651
   0.55087    0.14847    0.78876   -0.14750    0.09783    0.71734    1.14083
  -0.36633    0.60638   -0.62710   -0.23194    0.34724    0.27592    1.11620
   0.61493   -0.10900    0.01589    0.69772    0.58741   -0.69754    0.83413
  -0.61375    0.21391   -0.39757    0.28678    0.72772    0.31588    0.44290
   0.15900    0.09442   -0.33321    0.34025    0.90722    0.00409    0.48226
   0.19103   -0.23340   -0.36125    0.39652    0.87397   -0.01678    0.42252
   0.18251   -0.95130    0.19786    0.57965   -0.02096   -0.50027    1.01762
   0.68335   -0.50541    0.17054    0.52902   -0.26458    0.11923    0.95614
   0.40913   -0.07927    0.60743   -0.58603   -0.22684    0.31283    1.26681
   0.36570    0.50671    0.01897   -0.50813    0.31165    0.68225    1.08281
   0.78876    0.24950    0.51453    0.39369   -0.43110    0.14847    1.21077
   0.07917    0.44311   -0.08427   -0.33347    0.35997    0.90090    1.14985
   0.61370   -0.64880    0.61096    0.54476   -0.93007    0.23447    0.84651
  -0.47473    0.51418   -0.93025    0.27647    0.51504    0.20226    0.89589
  -0.20920    0.39778   -0.71686    0.00950    0.61003   -0.52639    0.77845
   0.66515   -0.26458    0.11923    0.68335    0.55268   -0.51871    0.64229
   0.53043   -0.25655    0.26482    0.97102    0.18985   -0.71735    0.84077
   0.59705    0.22263    0.83828    0.29313   -0.75904    0.15953    0.98958
  -0.09589    0.72312   -0.21961    0.25227    0.97209    0.14741    0.63055
  -0.97144    0.83935    0.00749   -0.46362    0.59671    0.64051    0.94463
   0.42556    0.23578    0.62187    0.46659   -0.23498    0.75843    1.12251
  -0.72464    0.33069   -0.30818    0.29470    0.93884    0.12724    0.78484
  -0.14057    0.34724    0.27592   -0.36633    0.21994    0.85343    1.06960
   0.78217   -0.56484    0.30980    0.15421   -0.39832    0.33462    1.11117
   0.19728   -0.71829   -0.17958    0.48607    0.00880   -0.42460    0.41855
  -0.21118    0.28997   -0.17882    0.72084    0.49619   -0.54702    0.83158
   0.65416   -0.65166    0.51440    0.64019   -0.99489    0.34045    0.94344
   0.74192    0.01334    0.61041   -0.52129   -0.21111    0.35716    1.21681
   0.38446   -0.70020   -0.08074    0.61195   -0.40067   -0.28678    0.79976
   0.26482   -0.37823   -0.28936    0.27914    0.62450   -0.25655    0.46962
   0.23512   -0.52089   -0.32294    0.31898    0.28489   -0.35109    0.42790
  -0.69754    0.81719   -0.10900    0.01589    0.69772    0.58741    0.54934
  -0.08699   -0.02900   -0.60009    0.32467    0.64605    0.35834    0.44899
  -0.10890    0.57323   -0.47296   -0.31827    0.48231    0.81878    1.12425
  -0.42590    0.63532   -0.39099   -0.46653    0.34833    0.14063    1.02153
   0.62876    0.19876    0.88561    0.01061   -0.26882    0.64876    1.08473
   0.14847   -0.81605    0.24950    0.51453    0.39369   -0.43110    0.94263
   0.19447   -0.34543   -0.45467    0.48177    0.81699   -0.00299    0.64611
   0.43020   -0.89375    0.10560    0.62816   -0.30040   -0.41152    0.50720
   0.37739    0.48276    0.66260   -0.00768   -0.57479    0.18743    1.21803
   0.89268   -0.63921    0.35515    0.03495   -0.32533    0.31491    1.09908
   0.95483   -0.28678    0.38446    0.83582   -0.12840    0.24086    1.13237
   0.56907   -0.64664    0.64455    0.54357   -0.56579   -0.28871    1.02775
   0.33309    0.47496    0.82872   -0.02664    0.20428    0.94669    1.12730
   0.77311    0.72084    0.49619   -0.54702   -0.21118    0.48803    1.25389
   0.74043   -0.44166    0.24760    0.67348    0.44627   -0.25972    0.76770
  -0.39832    0.68358   -0.22984   -0.56484    0.30980    0.15421    1.13395
   0.86651   -0.33775    0.34971    0.90093   -0.00706    0.17155    0.99727
   0.24950   -0.08379    0.21248    0.87675    0.28734   -0.81605    0.68689
  -0.63010    0.83213   -0.11944    0.23519    0.96244    0.30136    0.94813
  -0.96352    0.93884    0.12724   -0.72464    0.50593    0.60461    1.00042
   0.57445    0.24086    0.95483    0.27431   -0.81556    0.46838    1.08071
  -0.92670    0.77497    0.49069   -0.53906    0.66361    0.51903    1.25030
   0.82248    0.65909    0.61891   -0.38242   -0.41516    0.48924    1.28597
   0.85532   -0.06158    0.37566    0.33856   -0.37431    0.20347    1.14859
  -0.83396    0.78243    0.17287    0.06255    0.84203    0.35453    1.04165
   0.27431    0.38446    0.83582   -0.12840    0.24086    0.95483    1.15150
  -0.71517    0.78217    0.24554   -0.68649    0.12020    0.60086    0.94045
  -0.13637    0.90754    0.06384   -0.44256    0.60807    0.74949    0.63649
   0.84678    0.10560    0.62816   -0.30040   -0.41152    0.43020    1.09622
   0.39214    0.23347    0.95823   -0.00918    0.09167    0.76478    1.01107
   0.31283   -0.56090   -0.07927    0.60743   -0.58603   -0.22684    0.94623
  -0.64631    0.08216   -0.49108    0.60031    0.75544   -0.10872    0.74646
   0.66644    0.35716    0.74192   -0.09619   -0.53371    0.55065    1.14154
  -0.53887    0.66151   -0.95341    0.48896    0.66824   -0.28669    0.67036
   0.50298    0.21947    0.85297    0.28863   -0.77992    0.18507    0.99967
   0.69189   -0.36411    0.38260    0.12769   -0.44737    0.28152    1.15551
   0.44340    0.85367    0.31720   -0.80384    0.19684    0.49637    0.93575
   0.40775    0.31165    0.68225    0.36570   -0.13002    0.77830    1.12474
  -0.69552    0.86956    0.17585   -0.00633    0.77770    0.39921    0.76219
  -0.89375    0.95483    0.27431   -0.81556    0.46838    0.57445    1.23974
  -0.93247    0.95785    0.33626   -0.73528    0.55523    0.56474    0.91834
   0.20958   -0.14057    0.23237    0.85844    0.28047   -0.78487    0.75294
   0.20413   -0.16420   -0.33497    0.36754    0.88410   -0.05125    0.49756
   0.39774    0.39375    0.56920   -0.80345    0.00412    0.38797    1.14675
   0.60461    0.29470    0.93884    0.12724   -0.72464    0.50593    0.97645
   0.90160   -0.36125    0.39652    0.87397   -0.01678    0.19103    1.06358
  -0.26073    0.51583    0.65258   -1.00000    0.36657    0.65883    1.24579
   0.50620   -0.28225    0.66482    0.63417   -0.33745   -0.49679    0.98099
   0.22715   -0.54702   -0.21118    0.48803    0.77311   -0.17933    0.65947
   0.51282   -0.19853   -0.40123    0.56788    0.68926   -0.94022    0.75154
   0.72772   -0.52762    0.28826    0.21391   -0.39757    0.28678    1.14572
   0.60086    0.33462    0.78217    0.24554   -0.68649    0.12020    1.00189
   0.30318   -0.39099   -0.46653    0.34833    0.14063   -0.42590    0.60375
  -0.86298    0.98901    0.07275   -0.13743    0.70016    0.59338    0.77268
   0.54799   -0.22168    0.25224    0.98220    0.21820   -0.69971    0.76172
  -0.72897    0.78213    0.26162   -0.05739    0.78042    0.40125    0.97385
   0.68944   -0.39066    0.36197    0.15251   -0.43649    0.26687    0.91466
   0.01906    0.33599    0.25924   -0.35933    0.22549    0.85758    1.20680
  -0.11293    0.60312    0.61768   -0.97717    0.40906    0.65913    1.24359
   0.38123   -0.85578    0.34925    0.57657   -0.79019   -0.01647    0.89602
  -0.02787    0.61370   -0.48962   -0.26855    0.41483    0.83076    1.09555
   0.56748   -0.69971    0.54799    0.58906   -0.96111    0.26607    0.98293
  -0.49178    0.17269   -0.34693    0.24707    0.85790    0.02658    0.69307
   0.31096   -0.88341    0.53441    0.68738   -0.22292   -0.57017    0.96902
   0.22173    0.66361    0.51903   -0.92670    0.25565    0.50025    1.24235
   0.21947    0.28489   -0.35109    0.23512    0.87803   -0.11876    0.81642
  -0.50812    0.56474   -0.93247    0.21056    0.50010    0.17225    0.82952
   0.62596   -0.42460    0.19728    0.64805   -0.15819   -0.12874    0.64917
   0.18006    0.81037    0.44201   -0.91245    0.36789    0.56110    1.16577
  -0.00706    0.36737    0.01792   -0.33775    0.34971    0.90093    1.14491
   0.23237    0.27592   -0.36633    0.21994    0.85343   -0.14057    0.52383
  -0.52089    0.76478    0.39214   -0.64150   -0.06185    0.61004    1.29218
   0.94536   -0.18159    0.32005    0.48923   -0.31253    0.23591    1.18770
   0.66865   -0.44092    0.16874    0.71890   -0.14067   -0.04600    0.96415
   0.55340    0.16008    0.85279   -0.11044    0.08365    0.72468    1.15313
  -0.75317    0.85220    0.10205    0.09916    0.83451    0.48166    0.89197
  -0.26855    0.54476   -0.93007    0.23447    0.61370   -0.48962    1.14388
  -0.08074    0.56719   -0.41343    0.70959    0.46925   -0.70020    0.69816
   0.71812   -0.01591    0.61027   -0.51733   -0.21333    0.34854    1.15395
   0.66434   -0.53371    0.55065    0.66644   -0.98914    0.43686    1.02388
   0.44627    0.36938    0.16124   -0.44166    0.24760    0.67348    1.12496
   0.19876   -0.80697    0.01642    0.39168    0.42024   -0.36125    0.88613
   0.57913    0.10205    0.09916    0.83451    0.48166   -0.75317    0.70825
   0.46636   -0.80077    0.50945    0.56482   -0.90373    0.14671    1.04638
  -0.02664    0.63242   -0.38194   -0.41723    0.47496    0.82872    1.00479
  -0.54101    0.47804   -0.28344    0.09419    0.66731    0.57181    0.50025
   0.64018   -0.66975    0.49659    0.64013   -0.99348    0.31759    1.08572
  -0.26226    0.55065    0.66644   -0.98914    0.43686    0.66434    1.19002
  -0.00633    0.36421   -0.31819    0.32814    0.86956    0.17585    0.52368
   0.02690    0.33631    0.11921   -0.33930    0.26026    0.85884    1.13669
  -0.61486    0.38053   -0.64232    0.60461    0.72404   -0.15515    0.71740
   0.72592   -0.46653    0.34833    0.14063   -0.42590    0.30318    0.84338
   0.23530   -0.69887    0.57059    0.72755   -0.04680   -0.62628    1.04275
   0.55162    0.18874    0.59456   -0.66977   -0.12147    0.34768    1.20014
   0.25227   -0.52604   -0.21012    0.35411    0.72312   -0.21961    0.54492
   0.65014    0.19728    0.64805   -0.15819   -0.12874    0.62596    1.02380
   0.59950    0.39128    0.81696    0.17112   -0.72364    0.22738    1.03919
   0.60589   -0.27160    0.72435    0.47411   -0.62900   -0.15854    0.92226
   0.43514    0.13853    0.69016   -0.19738    0.12751    0.70432    1.12639
  -0.13377    0.34303    0.57859   -0.78607   -0.08469    0.57324    1.27250
  -0.12147    0.33354   -0.80330    0.18874    0.59456   -0.66977    0.71610
   0.83213    0.27988    0.61587   -0.47415   -0.28972    0.42420    1.23149
   0.22263    0.33856   -0.37431    0.20347    0.85532   -0.13950    0.73948
  -0.14067    0.46636    0.22070   -0.44092    0.16874    0.71890    1.02657
   0.30136    0.42420    0.83213   -0.11944    0.23519    0.96244    1.11943
  -0.57876    0.59338   -0.86298    0.54273    0.69305   -0.20009    0.73854
  -0.66472    0.78718   -0.17041    0.23810    0.99029    0.25381    0.44365
   0.46838   -0.12840    0.24086    0.95483    0.27431   -0.81556    0.67962
   0.36754   -0.33745   -0.49679    0.50620   -0.16420   -0.33497    0.98947
  -0.02802    0.23725   -0.35854    0.33989    0.82422    0.21797    0.48391
   0.69228    0.40276    0.45278   -0.32703   -0.20431    0.58018    1.10903
  -0.10988    0.65549    0.64465   -0.34074   -0.50959    0.47499    1.19434
   0.32832   -0.96352    0.24887    0.63605   -0.37504   -0.46790    0.74509
  -0.17882    0.66417   -0.23918    0.28333    0.85302    0.28997    0.88290
   0.23725    0.57059    0.72755   -0.04680   -0.62628    0.23530    1.26160
   0.09190    0.66434   -0.26226   -0.50259    0.44664    0.79310    0.96566
  -0.08347    0.52020   -0.21841   -0.31488    0.27226    0.73053    1.15513
   0.87397   -0.28871    0.56907   -0.23340   -0.36125    0.39652    1.11474
   0.51950    0.01061   -0.26882    0.64876    0.62876   -0.90839    0.74593
   0.58230   -0.46362    0.59671    0.64051   -0.97144    0.44525    0.92473
  -0.21961    0.61014   -0.52604   -0.21012    0.35411    0.72312    1.04601
  -0.39945    0.68289   -0.23530   -0.56353    0.31407    0.14804    1.14364
   0.71734   -0.43110    0.14847    0.78876   -0.14750    0.09783    0.85235
   0.07451    0.32412    0.07848   -0.32080    0.31075    0.90539    1.15555
  -0.28936    0.53377   -0.39600   -0.35337    0.58457   -0.37823    0.94451
  -0.41152    0.57445   -0.89375    0.10560    0.62816   -0.30040    1.01693
   0.56368    0.50010    0.17225   -0.50812    0.12799    0.59960    0.99636
   0.77632   -0.45539    0.15719    0.70862   -0.21618    0.16924    0.64385
   0.50406    0.25227    0.97209    0.14741   -0.09589    0.71294    1.02506
   0.02658    0.32832    0.17269   -0.34693    0.24707    0.85790    1.13957
  -0.34718    0.64465   -0.34074   -0.50959    0.47499   -0.10988    1.00919
   0.79310    0.43686    0.66434   -0.26226   -0.50259    0.44664    1.30842
   0.33856    0.23515    0.59241   -0.76717   -0.06158    0.37566    1.15852
  -0.69887    0.81878   -0.10890    0.22652    0.98220    0.29403    0.64171
   0.72634   -0.52484    0.14087    0.59737    0.55390   -0.36844    0.92938
   0.64143    0.41483    0.83076   -0.02787   -0.67688    0.48500    1.05584
   0.48447   -0.59682    0.64134    0.62676   -0.37772   -0.42200    0.96856
   0.49069    0.19233    0.89284   -0.10443    0.16094    0.77497    1.06573
   0.29636    0.34045    0.65416   -0.18317   -0.53575    0.24304    1.28608
  -0.84546    0.59509    0.59240   -0.45047    0.71129    0.46279    1.07567
  -0.50959    0.40519   -0.46206    0.65549    0.64465   -0.34074    0.68846
   0.32814    0.07131   -0.61260    0.17208    0.36421   -0.31819    0.45955
   0.35238    0.44664    0.79310    0.09190    0.13970    0.89409    1.13180
   0.35716   -0.72449    0.01334    0.61041   -0.52129   -0.21111    0.86435
  -0.85578    0.86844   -0.00262    0.18413    0.89960    0.31298    0.79955
   0.44163   -0.69754    0.61493    0.64824   -0.35091   -0.51089    0.96897
   0.86956   -0.61260    0.17208    0.36421   -0.31819    0.32814    1.07503
  -0.70704    0.64503    0.63022   -0.91341    0.51238    0.54201    1.26080
   0.01857    0.62816   -0.30040   -0.41152    0.43020    0.84678    1.12110
   0.28863    0.23512    0.87803   -0.11876    0.21947    0.85297    0.96588
  -0.37389    0.53445   -0.63694   -0.21735    0.58267   -0.24488    0.91950
  -0.25899    0.48500    0.64143   -0.99342    0.30957    0.65196    1.26857
   0.51504   -0.48430    0.68126    0.51418   -0.93025    0.27647    0.96838
   0.20347   -0.76717   -0.06158    0.37566    0.33856   -0.37431    0.80931
   0.63417    0.22715    1.00000    0.19836   -0.28225    0.66482    1.08072
   0.85302   -0.47473    0.15541    0.66417   -0.23918    0.28333    0.57983
   0.39652   -0.56579   -0.28871    0.56907   -0.23340   -0.36125    0.62726
   0.59366    0.26482    0.97102    0.18985   -0.71735    0.53043    1.14067
   0.94428   -0.34718    0.25313    0.73809   -0.20714    0.27202    0.76292
   0.10560    0.27431   -0.81556    0.46838    0.57445   -0.89375    0.85521
  -0.26882    0.42024   -0.36125    0.19876    0.88561    0.01061    0.57211
   0.59332    0.23237    0.85844    0.28047   -0.78487    0.20958    1.03937
   0.87376   -0.01429    0.38254    0.38808   -0.36617    0.20034    1.04420
   0.37718   -0.92437    0.36296    0.57291   -0.69167   -0.09400    0.58586
   0.56482    0.20428    0.94669    0.33309   -0.80077    0.50945    1.12489
   0.43806   -0.94022    0.51282    0.57340   -0.56649   -0.22130    0.97551
   0.19391   -0.77108    0.06064    0.45288    0.55311   -0.32973    0.91817
   0.55651    0.17092    0.53262   -0.26198    0.11340    0.68196    1.12972
   0.20942    0.55240    0.55842   -0.91996    0.18773    0.48033    1.26191
   0.61043   -0.14067   -0.04600    0.66865    0.61547   -0.74050    0.68172
   0.45288   -0.23498    0.75843    0.42556   -0.77108    0.06064    0.94403
  -0.51318    0.69566    0.47685   -0.86327    0.15503    0.61116    1.24262
  -0.04600    0.22070   -0.44092    0.16874    0.71890   -0.14067    0.49228
   0.56647    0.11923    0.68335    0.55268   -0.51871    0.66515    0.94924
   0.27202   -0.10988   -0.34718    0.25313    0.73809   -0.20714    0.58528
  -0.04680    0.98220    0.29403   -0.69887    0.57059    0.72755    0.77307
  -0.08379    0.31381    0.11379   -0.32721    0.29636    0.89524    1.00979
   0.48500   -0.26855    0.41483    0.83076   -0.02787   -0.67688    0.90102
   0.43686   -0.09619   -0.53371    0.55065    0.66644   -0.98914    0.77129
   0.13835    0.59240   -0.45047    0.71129    0.46279   -0.84546    0.68972
   0.35912    0.48447    0.82372   -0.03199    0.20596    0.94501    1.20442
   0.83727   -0.27845    0.59074   -0.35139   -0.28145    0.35998    1.11354
   0.38126   -0.35091   -0.51089    0.44163   -0.03809   -0.39207    0.64975
   0.21953   -0.97717    0.40906    0.65913   -0.11293   -0.55434    0.57423
   0.65909   -0.13042    0.17875    0.77598    0.47738   -0.49329    0.66279
   0.90539   -0.64631    0.32412    0.07848   -0.32080    0.31075    1.08522
  -0.11944    0.61587   -0.47415   -0.28972    0.42420    0.83213    1.06590
   0.98220   -0.31827    0.48231    0.81878   -0.10890    0.22652    1.16484
  -0.34982    0.64232   -0.36701   -0.48496    0.34836    0.12690    1.01836
   0.34854   -0.69552   -0.01591    0.61027   -0.51733   -0.21333    0.89511
   0.44447    0.24760    0.67348    0.44627   -0.25972    0.74043    1.06412
   0.34940   -0.01678    0.19103    0.90160    0.30822   -0.85379    0.64125
  -0.96044    0.97102    0.18985   -0.71735    0.53043    0.59366    0.74477
   0.89846   -0.35735    0.39053    0.87734   -0.01747    0.19021    0.76948
   0.40519    0.31491    0.89268   -0.07922    0.21086    0.86018    1.16337
  -0.45047    0.20942   -0.48762    0.08654    0.59509    0.59240    0.51658
   0.30957   -0.02787   -0.67688    0.48500    0.64143   -0.99342    0.70489
   0.51583   -0.23484    0.39238    0.80016   -0.05580   -0.62696    1.00997
  -0.80605    0.54187   -0.27040    0.30199    0.93179    0.18960    0.88519
   0.08795    0.18960   -0.80605    0.40119    0.58759   -0.88524    0.74825
  -0.95999    0.99029    0.25381   -0.66472    0.57272    0.58229    0.85415
  -0.02900    0.69614    0.56691   -0.94214    0.44793    0.65313    1.20803
   0.56110   -0.08699    0.81037    0.44201   -0.91245    0.36789    0.93706
   0.51903    0.16094    0.77497    0.49069   -0.53906    0.66361    1.03858
   6.00000    1.00000    2.00000    3.00000    4.00000    5.00000    0.00000
   0.96070   -0.25725    0.41378    0.81222   -0.14898    0.24096    0.97202
   0.64605    0.44793    0.65313   -0.02900   -0.60009    0.32467    1.17345
   0.17112    0.51270   -0.09043   -0.43784    0.39128    0.81696    1.14215
   0.32606    0.18743    0.37739   -0.33610    0.26152    0.74063    1.14148
  -0.00768    0.79041    0.50176   -0.89666    0.48276    0.66260    1.21880
   0.09419   -0.08728   -0.48564    0.19657    0.47804   -0.28344    0.48212
   0.66417    0.27647    0.51504    0.20226   -0.47473    0.15541    1.14055
  -0.38242    0.77598    0.47738   -0.49329    0.65909    0.61891    1.23447
  -0.71829    0.85844    0.28047   -0.78487    0.20958    0.59332    1.23384
  -0.00299    0.64425   -0.34543   -0.45467    0.48177    0.81699    0.87914
   0.32412   -0.49108    0.60031    0.75544   -0.10872   -0.64631    1.05368
  -0.52604    0.78042    0.40125   -0.72897    0.02060    0.61014    1.23772
   0.16499    0.44627   -0.25972    0.74043    0.44447   -0.80901    0.79058
   0.16124    0.07408    0.61030   -0.54163   -0.34307    0.36938    1.12248
   0.26789   -0.62900   -0.15854    0.60589   -0.38732   -0.38146    0.68133
  -0.48958    0.28589   -0.39485    0.09470    0.62955    0.58187    0.52250
  -0.42200    0.55087   -0.59682    0.64134    0.62676   -0.37772    0.70565
   0.23276   -0.49179   -0.36291    0.54891   -0.21720   -0.37600    0.63268
   0.55311    0.75843    0.42556   -0.77108    0.06064    0.45288    1.10663
   0.40442   -0.63694   -0.21735    0.58267   -0.24488   -0.37389    0.86343
  -0.52917    0.69016   -0.19738    0.12751    0.70432    0.43514    0.51196
   0.25565    0.49069   -0.53906    0.66361    0.51903   -0.92670    0.91307
  -0.23498    0.06987   -0.55116    0.23578    0.62187    0.46659    0.43542
   0.66942    0.20413    0.87785    0.40350   -0.50290    0.64501    0.92772
   0.61041   -0.06066    0.77861    0.40319   -0.72449    0.01334    1.01470
   0.65482    0.23276    0.57963   -0.19891   -0.14999    0.62680    1.11552
  -0.48368    0.63526   -0.27324    0.22641    0.98061    0.14974    0.76141
   0.39921    0.32814    0.86956    0.17585   -0.00633    0.77770    1.13548
   0.81037   -0.60009    0.32467    0.64605    0.35834   -0.08699    0.99148
   0.31898   -0.64150   -0.06185    0.61004   -0.52089   -0.32294    0.63814
   0.49637    0.15900    0.85367    0.31720   -0.80384    0.19684    1.02991
  -0.79517    0.57963   -0.19891   -0.14999    0.62680    0.65482    0.77144
   0.65883   -0.62696    0.51583    0.65258   -1.00000    0.36657    1.06785
   0.23319   -0.00706    0.17155    0.86651    0.31024   -0.81999    0.65746
  -0.99796    0.81560   -0.03852   -0.64041    0.51274    0.64718    0.69527
   0.24554    0.30980    0.15421   -0.39832    0.33462    0.78217    1.17875
  -0.19853    0.57291   -0.69167   -0.09400    0.37718    0.61994    1.11838
  -0.49108    0.40913   -0.33098    0.23341    0.91988    0.08216    0.44907
   0.60072   -0.32703   -0.20431    0.58018    0.69228   -0.79247    0.69475
  -0.33745    1.00000    0.19836   -0.28225    0.66482    0.63417    0.81779
  -0.42165    0.31024   -0.81999    0.23319    0.50525    0.40518    0.67573
  -0.62628    0.29403   -0.69887    0.57059    0.72755   -0.04680    0.70654
  -0.13950    0.37566    0.33856   -0.37431    0.20347    0.85532    1.15946
   0.35411   -0.72897    0.02060    0.61014   -0.52604   -0.21012    0.85459
   0.35197   -0.68649    0.12020    0.60086   -0.71517   -0.11668    1.01946
  -0.14016    0.85758    0.01906   -0.41258    0.60666    0.75014    0.90247
  -0.42460    0.59332   -0.71829   -0.17958    0.48607    0.00880    1.15813
   0.86130   -0.54229    0.13465    0.55627   -0.27183    0.29932    0.96141
   0.90090   -0.59252    0.44311   -0.08427   -0.33347    0.35997    1.15884
   0.69305   -0.13743    0.70016    0.59338   -0.86298    0.54273    0.96786
   0.07299    0.59705   -0.68587   -0.16347    0.37257    0.31052    1.16457
   0.36361    0.16034    0.84160   -0.13848    0.16781    0.76428    1.14026
   0.62713   -0.36380    0.20134    0.87804    0.01436   -0.30216    0.87457
   0.17054   -0.96221    0.26532    0.57066    0.04005   -0.50541    0.53024
  -0.72364   -0.09043   -0.43784    0.39128    0.81696    0.17112    0.63070
  -0.25655    0.58457   -0.37823   -0.28936    0.27914    0.62450    1.11830
  -0.02199    0.55239   -0.21298   -0.35488    0.38972    0.87767    1.11155
  -0.06850    0.28695    0.16464   -0.32586    0.29558    0.90591    1.13448
  -0.36613    0.56920   -0.80345    0.00412    0.38797    0.39774    1.07695
   0.38301   -0.76377    0.01822    0.61455   -0.46464   -0.25414    0.94755
   0.40119   -0.27040    0.30199    0.93179    0.18960   -0.80605    0.63998
   0.16094    0.45724   -0.36101    0.19233    0.89284   -0.10443    0.70944
   0.82372    0.64134    0.62676   -0.37772   -0.42200    0.48447    1.25272
  -0.54702    0.85302    0.28997   -0.17882    0.72084    0.49619    1.26850
  -0.94380    0.90771    0.39837   -0.61670    0.61958    0.54986    0.96133
   0.44311   -0.30216    0.62713    0.70863   -0.21863   -0.59252    0.95654
   0.09783    0.39369   -0.43110    0.14847    0.78876   -0.14750    0.57872
   0.99029   -0.22130    0.43806    0.78718   -0.17041    0.23810    1.18014
   0.07299    0.44081   -0.05491   -0.35448    0.33520    0.84638    1.13351
  -0.17933    0.49619   -0.54702   -0.21118    0.48803    0.77311    1.04934
   0.56344    0.09419    0.66731    0.57181   -0.54101    0.66209    1.04825
   0.90722   -0.65429    0.31176    0.09442   -0.33321    0.34025    1.17133
   0.28333    0.20226   -0.47473    0.15541    0.66417   -0.23918    0.80588
   0.07526    0.61547   -0.74050    0.61043    0.50796   -0.82561    0.81819
  -0.62696   -0.51318   -0.23484    0.39238    0.80016   -0.05580    0.42057
   0.20134   -0.79019   -0.01647    0.38123    0.39489   -0.36380    0.46968
   0.64718    0.38301    0.81560   -0.03852   -0.64041    0.51274    1.14542
   0.44525    0.00749   -0.46362    0.59671    0.64051   -0.97144    0.63876
   0.48177   -0.62998    0.63182    0.64425   -0.34543   -0.45467    0.97826
   0.26152   -0.00768   -0.57479    0.18743    0.37739   -0.33610    0.53948
   0.72468   -0.39477    0.16008    0.85279   -0.11044    0.08365    0.97907
   0.22509   -0.64213   -0.18164    0.32908    0.39658   -0.34031    0.64710
   0.36737   -0.41258    0.60666    0.75014   -0.14016   -0.63921    1.00689
   0.39128   -0.58094   -0.31751    0.51270   -0.09043   -0.43784    0.48816
  -0.43784    0.58230   -0.58094   -0.31751    0.51270   -0.09043    1.07209
   0.20946   -0.38242   -0.41516    0.48924    0.82248   -0.04148    0.57843
   0.29932    0.19825   -0.54229    0.13465    0.55627   -0.27183    0.51435
   0.21905    0.34854    0.71812   -0.22089    0.25295    0.98149    1.12998
   0.60565    0.30318    0.72592    0.30430   -0.61653    0.00721    1.01747
   0.64751   -0.36613    0.19860    0.87556    0.00330   -0.26734    0.89445
   0.31727   -0.52917   -0.18723    0.60492   -0.47215   -0.23461    0.95770
  -0.49457    0.51903   -0.92670    0.25565    0.50025    0.22173    1.08372
  -0.77128    0.55627   -0.27183    0.29932    0.86130    0.23132    0.54428
   0.02060    0.26162   -0.05739    0.78042    0.40125   -0.72897    0.70601
   0.63532   -0.69228    0.51383    0.61776   -0.97875    0.28935    0.99155
   0.27592   -0.00643    0.60638   -0.62710   -0.23194    0.34724    1.13574
  -0.96111    0.98220    0.21820   -0.69971    0.54799    0.58906    1.17026
  -0.28669    0.59149    0.66151   -0.95341    0.48896    0.66824    0.82654
