  -0.33250   -0.50000   -0.20000   -1.00000   -1.00000    0.00000    0.00000   -1.00000   -0.33250   -0.60000   -0.20000    1.00000    0.50000   -1.00000    0.00000    0.00000   -1.00000    0.00000   -0.60000    0.33250    0.33250   -1.00000   -1.00000    0.00000    0.00000    0.00000   -0.33250    0.76300
  -1.00000   -0.50000    0.20000    0.00000   -1.00000    1.00000    0.00000   -1.00000   -0.33250   -0.60000   -0.60000   -1.00000   -1.00000   -1.00000   -1.00000   -1.00000   -1.00000   -1.00000   -1.00000   -0.33250   -1.00000   -1.00000   -1.00000   -1.00000   -1.00000    0.00000   -1.00000    0.57900
  -1.00000   -1.00000   -1.00000   -1.00000   -1.00000   -1.00000   -1.00000   -1.00000   -1.00000   -1.00000   -0.60000   -0.20000   -1.00000   -1.00000    0.00000    1.00000   -1.00000    0.00000   -0.60000   -0.33250   -1.00000   -1.00000   -1.00000   -1.00000   -1.00000    0.00000   -1.00000    0.61300
  -1.00000   -1.00000   -0.60000   -1.00000   -1.00000   -1.00000   -1.00000   -1.00000   -0.33250   -1.00000   -0.60000   -1.00000   -1.00000   -1.00000   -1.00000   -1.00000   -1.00000   -1.00000   -1.00000   -0.33250   -1.00000   -1.00000   -1.00000   -1.00000   -1.00000    0.00000   -1.00000    0.60200
  -0.33250   -0.50000   -0.20000   -1.00000   -1.00000    0.00000    0.00000   -1.00000   -0.33250   -0.60000   -0.20000    0.60000   -0.50000   -1.00000    0.00000    0.00000   -1.00000    0.00000   -0.60000    0.33250    0.33250   -1.00000   -1.00000    0.00000    0.00000    0.00000   -0.33250    0.83800
   1.00000    0.00000   -0.60000   -1.00000   -1.00000   -1.00000    0.00000   -1.00000   -0.33250    0.20000   -0.20000   -0.60000   -1.00000    1.00000   -1.00000    1.00000   -1.00000   -1.00000   -0.60000    1.00000   -0.33250   -1.00000   -1.00000   -1.00000    0.00000    0.00000   -0.33250    0.90000
  -1.00000   -0.50000   -0.20000   -1.00000   -1.00000    0.00000    0.00000   -1.00000   -0.33250   -0.60000    0.60000    0.20000   -0.75000   -1.00000   -1.00000   -1.00000    0.00000    1.00000   -0.20000   -0.33250   -1.00000   -1.00000   -1.00000   -1.00000   -1.00000    0.00000   -1.00000    0.77200
  -1.00000   -0.50000    0.60000   -0.50000   -1.00000    0.00000    0.00000   -1.00000   -0.33250   -0.60000   -0.20000   -0.20000   -1.00000   -1.00000    0.00000    0.00000   -1.00000    0.00000   -0.60000   -0.33250   -1.00000   -1.00000   -1.00000   -1.00000   -1.00000    0.00000   -1.00000    0.73400
  -1.00000   -0.50000    1.00000    0.50000   -1.00000    0.00000    0.00000   -1.00000   -0.33250   -0.60000   -0.60000   -1.00000   -1.00000   -1.00000   -1.00000   -1.00000   -1.00000   -1.00000   -1.00000   -0.33250   -1.00000   -1.00000   -1.00000   -1.00000   -1.00000    0.00000   -1.00000    0.62400
  -1.00000   -1.00000   -1.00000   -1.00000   -1.00000   -1.00000   -1.00000   -1.00000   -1.00000   -1.00000   -1.00000   -1.00000   -1.00000   -1.00000   -1.00000   -1.00000   -1.00000   -1.00000   -1.00000   -0.33250   -1.00000   -1.00000   -1.00000   -1.00000   -1.00000    0.00000   -1.00000    0.63400
  -1.00000    0.00000   -0.60000   -1.00000   -1.00000   -1.00000    0.00000   -1.00000    0.33250   -0.20000   -0.60000   -1.00000   -1.00000   -1.00000   -1.00000   -1.00000   -1.00000   -1.00000   -1.00000   -0.33250   -1.00000   -1.00000   -1.00000   -1.00000   -1.00000    0.00000   -1.00000    0.63800
  -0.33250   -0.50000   -0.20000   -1.00000   -1.00000    0.00000    0.00000   -1.00000   -0.33250   -0.60000    0.20000   -0.60000   -1.00000   -1.00000   -1.00000    0.00000   -1.00000    1.00000   -0.20000    0.33250    0.33250   -1.00000   -1.00000    0.00000    0.00000    0.00000   -0.33250    0.80500
  -1.00000   -1.00000   -1.00000   -1.00000   -1.00000   -1.00000   -1.00000   -1.00000   -1.00000   -1.00000   -0.20000   -0.20000   -1.00000   -1.00000    0.00000    0.00000   -1.00000    0.00000   -0.60000   -0.33250   -1.00000   -1.00000   -1.00000   -1.00000   -1.00000    0.00000   -1.00000    0.61900
  -1.00000    0.00000   -0.60000   -1.00000   -1.00000   -1.00000    0.00000   -1.00000   -0.33250    0.20000   -0.60000   -1.00000   -1.00000   -1.00000   -1.00000   -1.00000   -1.00000   -1.00000   -1.00000   -0.33250   -1.00000   -1.00000   -1.00000   -1.00000   -1.00000    0.00000   -1.00000    0.59500
  -0.33250   -0.50000   -0.60000   -1.00000   -1.00000   -1.00000    0.00000   -1.00000    1.00000   -0.60000   -0.20000   -0.20000   -1.00000   -1.00000    0.00000    0.00000   -1.00000    0.00000   -0.60000    0.33250   -0.33250   -1.00000   -1.00000   -1.00000    0.00000    0.00000    1.00000    0.89300
  -0.33250   -0.50000   -0.20000   -1.00000   -1.00000    0.00000    0.00000   -1.00000   -0.33250   -0.60000   -0.60000   -1.00000   -1.00000   -1.00000   -1.00000   -1.00000   -1.00000   -1.00000   -1.00000    0.33250    0.33250   -1.00000   -1.00000    0.00000    0.00000    0.00000   -0.33250    0.83300
  -1.00000   -1.00000   -1.00000   -1.00000   -1.00000   -1.00000   -1.00000   -1.00000   -1.00000   -1.00000    0.20000   -0.60000   -1.00000   -1.00000   -1.00000    0.00000   -1.00000    1.00000   -0.20000   -0.33250   -1.00000   -1.00000   -1.00000   -1.00000   -1.00000    0.00000   -1.00000    0.61900
  -1.00000   -0.50000    0.20000    0.00000   -1.00000    1.00000    0.00000   -1.00000   -0.33250   -0.60000   -0.20000    0.20000    0.00000   -1.00000    1.00000    0.00000   -1.00000    0.00000   -0.60000   -0.33250   -1.00000   -1.00000   -1.00000   -1.00000   -1.00000    0.00000   -1.00000    0.67400
  -1.00000   -0.50000    1.00000    0.75000   -1.00000    0.00000    0.00000   -1.00000   -0.33250   -0.60000   -0.60000   -1.00000   -1.00000   -1.00000   -1.00000   -1.00000   -1.00000   -1.00000   -1.00000   -0.33250   -1.00000   -1.00000   -1.00000   -1.00000   -1.00000    0.00000   -1.00000    0.56000
  -1.00000   -0.50000    0.20000   -0.75000    0.00000    1.00000    0.00000   -1.00000   -1.00000   -0.60000   -0.60000   -1.00000   -1.00000   -1.00000   -1.00000   -1.00000   -1.00000   -1.00000   -1.00000   -0.33250   -1.00000   -1.00000   -1.00000   -1.00000   -1.00000    0.00000   -1.00000    0.58400
  -1.00000    0.50000    0.20000   -0.75000   -1.00000   -1.00000   -1.00000    0.00000    0.33250   -0.20000   -0.60000   -1.00000   -1.00000   -1.00000   -1.00000   -1.00000   -1.00000   -1.00000   -1.00000   -0.33250   -1.00000   -1.00000   -1.00000   -1.00000   -1.00000    0.00000   -1.00000    0.63200
  -1.00000   -1.00000   -0.60000   -1.00000   -1.00000   -1.00000   -1.00000   -1.00000   -0.33250   -1.00000    0.20000   -0.60000   -1.00000    1.00000    1.00000    1.00000   -1.00000    0.00000   -0.20000   -0.33250   -0.33250   -1.00000   -1.00000   -1.00000   -1.00000    0.00000   -0.33250    0.72000
  -1.00000    0.00000   -0.60000   -1.00000   -1.00000   -1.00000   -1.00000    0.00000   -1.00000    0.20000   -0.60000   -1.00000   -1.00000   -1.00000   -1.00000   -1.00000   -1.00000   -1.00000   -1.00000   -0.33250   -1.00000   -1.00000   -1.00000   -1.00000   -1.00000    0.00000   -1.00000    0.64600
  -1.00000   -1.00000   -1.00000   -1.00000   -1.00000   -1.00000   -1.00000   -1.00000   -1.00000   -1.00000    0.20000   -0.60000   -1.00000    1.00000    1.00000    1.00000   -1.00000    0.00000   -0.20000   -0.33250   -1.00000   -1.00000   -1.00000   -1.00000   -1.00000    0.00000   -1.00000    0.56800
  -1.00000   -0.50000   -0.20000   -0.50000    1.00000    1.00000   -1.00000   -1.00000   -0.33250   -1.00000   -0.60000   -1.00000   -1.00000   -1.00000   -1.00000   -1.00000   -1.00000   -1.00000   -1.00000    0.33250    0.33250    0.33250    1.00000    1.00000   -1.00000    0.00000   -0.33250    0.54900
  -1.00000   -0.50000   -0.20000   -1.00000   -1.00000    0.00000    0.00000   -1.00000   -0.33250   -0.60000   -0.20000    0.20000    0.00000   -1.00000    1.00000    0.00000   -1.00000    0.00000   -0.60000   -0.33250   -1.00000   -1.00000   -1.00000   -1.00000   -1.00000    0.00000   -1.00000    0.74900
