-3.421629999999999949e-01,-9.981039999999999912e-01,-5.999999999999999778e-01,-5.234600000000000364e-01,1.000000000000000000e+00,-6.748969999999999692e-01,-9.599539999999999462e-02,2.070029999999999926e-01,-4.929660000000000153e-01,-8.260870000000000157e-01,-8.625950000000000006e-01,2.765960000000000085e-01,9.719600000000000461e-01,2.069999999999999929e+01
-5.728480000000000238e-01,-9.956909999999999927e-01,-1.000000000000000000e+00,-2.573309999999999764e-01,-1.000000000000000000e+00,-5.720159999999999689e-01,4.406969999999999638e-03,-1.864059999999999884e-01,-4.878919999999999924e-01,-7.391299999999999537e-01,-6.564889999999999892e-01,2.765960000000000085e-01,9.835089999999999666e-01,2.500000000000000000e+01
4.674389999999999934e-01,-9.477430000000000021e-01,-1.000000000000000000e+00,4.017600000000000060e-01,-1.000000000000000000e+00,1.000000000000000000e+00,-3.772750000000000270e-01,8.722969999999999891e-01,-9.272519999999999651e-01,-6.521740000000000315e-01,-1.755730000000000068e-01,-5.531909999999999883e-01,7.987290000000000223e-01,1.780000000000000071e+01
-7.317879999999999940e-01,-9.964979999999999949e-01,-5.999999999999999778e-01,-5.234600000000000364e-01,-1.000000000000000000e+00,-6.748969999999999692e-01,2.663350000000000092e-02,-7.239959999999999729e-01,-3.999400000000000177e-01,-8.260870000000000157e-01,-8.625950000000000006e-01,2.765960000000000085e-01,1.000000000000000000e+00,2.519999999999999929e+01
-4.265999999999999792e-01,-9.748170000000000446e-01,-1.000000000000000000e+00,4.017600000000000060e-01,1.000000000000000000e+00,1.000000000000000000e+00,-4.439549999999999885e-01,7.528319999999999457e-01,-9.125940000000000163e-01,-6.521740000000000315e-01,-1.755730000000000068e-01,-5.531909999999999883e-01,7.295880000000000143e-01,1.530000000000000071e+01
-8.206400000000000361e-01,-1.000000000000000000e+00,-6.400000000000000133e-01,-8.643699999999999717e-01,-1.000000000000000000e+00,-3.703699999999999770e-01,1.550110000000000099e-01,2.832129999999999925e-01,-4.615940000000000043e-01,-1.000000000000000000e+00,-5.839689999999999603e-01,-4.255320000000000213e-01,1.000000000000000000e+00,2.400000000000000000e+01
-3.079470000000000263e-01,-9.985309999999999464e-01,-1.000000000000000000e+00,8.467740000000000267e-01,-1.000000000000000000e+00,-1.934160000000000046e-01,-6.380529999999999535e-02,6.725029999999999619e-01,-8.057999999999999607e-01,-9.130430000000000490e-01,-9.961830000000000407e-01,3.829790000000000139e-01,9.030209999999999626e-01,2.030000000000000071e+01
2.505519999999999969e-01,-6.436100000000000154e-01,-1.000000000000000000e+00,2.932549999999999879e-01,-1.000000000000000000e+00,2.098770000000000080e-01,-1.051929999999999948e-01,9.052519999999999456e-01,-8.581419999999999604e-01,1.000000000000000000e+00,8.282439999999999802e-01,6.170210000000000417e-01,-9.628830000000000444e-01,8.300000000000000711e+00
-2.864240000000000119e-01,-9.970879999999999743e-01,-1.000000000000000000e+00,-2.573309999999999764e-01,1.000000000000000000e+00,-5.720159999999999689e-01,-4.081239999999999868e-02,1.575699999999999878e-01,-4.344589999999999841e-01,-7.391299999999999537e-01,-6.564889999999999892e-01,2.765960000000000085e-01,9.214280000000000248e-01,2.439999999999999858e+01
-8.338849999999999874e-01,-9.988920000000000021e-01,4.000000000000000222e-01,-8.695009999999999684e-01,-1.000000000000000000e+00,-9.382719999999999949e-01,3.335890000000000244e-01,-8.537590000000000456e-01,2.181980000000000031e-01,-6.521740000000000315e-01,-3.473280000000000256e-01,-5.319150000000000267e-01,8.723079999999999723e-01,2.900000000000000000e+01
-4.326709999999999723e-01,-9.962459999999999649e-01,-1.000000000000000000e+00,-3.233139999999999903e-01,-1.000000000000000000e+00,-1.769550000000000012e-01,-1.776200000000000001e-01,5.252319999999999905e-02,-7.722809999999999953e-01,-5.652169999999999694e-01,-2.213739999999999875e-01,4.042549999999999755e-01,1.000000000000000000e+00,2.180000000000000071e+01
-7.444809999999999484e-01,-9.908719999999999750e-01,-1.000000000000000000e+00,-5.791789999999999994e-01,-1.000000000000000000e+00,-5.102879999999999638e-01,3.803409999999999846e-01,5.859940000000000149e-01,-6.206019999999999870e-01,-3.913039999999999852e-01,-5.419850000000000501e-01,2.127659999999999968e-02,8.748299999999999965e-01,3.160000000000000142e+01
-8.537529999999999841e-01,-9.998190000000000133e-01,2.000000000000000111e-01,-8.189149999999999485e-01,-1.000000000000000000e+00,-9.341559999999999864e-01,1.661239999999999939e-01,-6.725029999999999619e-01,-7.428460000000000618e-02,-1.000000000000000000e+00,-7.022899999999999698e-01,-3.617020000000000235e-01,8.981289999999999552e-01,2.910000000000000142e+01
-6.970199999999999729e-01,-9.991389999999999993e-01,-5.000000000000000000e-01,-6.774189999999999934e-01,-1.000000000000000000e+00,-8.312760000000000149e-01,1.718719999999999970e-01,3.903190000000000270e-01,-2.232169999999999987e-01,-7.391299999999999537e-01,-6.412210000000000409e-01,3.617020000000000235e-01,9.935950000000000060e-01,2.389999999999999858e+01
-7.494480000000000031e-01,-9.972349999999999826e-01,-1.000000000000000000e+00,-1.319649999999999990e-02,-1.000000000000000000e+00,-7.860080000000000400e-01,1.944819999999999882e-01,-4.191559999999999730e-01,-1.214250000000000052e-01,-7.391299999999999537e-01,-6.106869999999999798e-01,-2.765960000000000085e-01,1.000000000000000000e+00,2.860000000000000142e+01
-9.492269999999999874e-02,-8.933109999999999662e-01,-1.000000000000000000e+00,2.932549999999999879e-01,-1.000000000000000000e+00,3.497939999999999938e-01,1.358499999999999985e-01,7.219360000000000221e-01,-7.624419999999999531e-01,1.000000000000000000e+00,8.282439999999999802e-01,6.170210000000000417e-01,-7.448179999999999801e-01,1.409999999999999964e+01
-1.628040000000000043e-01,-9.928890000000000216e-01,-1.000000000000000000e+00,5.711140000000000105e-01,-1.000000000000000000e+00,-1.646090000000000053e-02,-8.756469999999999532e-02,8.661170000000000258e-01,-8.477209999999999468e-01,-7.391299999999999537e-01,-4.580150000000000193e-02,8.297870000000000523e-01,9.059460000000000290e-01,1.739999999999999858e+01
-6.594919999999999671e-01,-9.940870000000000539e-01,-1.000000000000000000e+00,-3.079180000000000250e-01,-1.000000000000000000e+00,-3.456790000000000140e-01,3.659699999999999759e-02,6.457260000000000222e-01,-6.120360000000000245e-01,-7.391299999999999537e-01,-5.534350000000000103e-01,2.340430000000000010e-01,9.822990000000000332e-01,2.160000000000000142e+01
-8.173289999999999722e-01,-9.988430000000000364e-01,-1.000000000000000000e+00,-8.533720000000000194e-01,-1.000000000000000000e+00,-5.761319999999999775e-01,3.102130000000000165e-01,1.431510000000000005e-01,-6.909309999999999619e-01,-8.260870000000000157e-01,-9.770990000000000508e-01,1.063830000000000053e-01,1.000000000000000000e+00,3.720000000000000284e+01
-8.300220000000000375e-01,-9.998470000000000413e-01,8.000000000000000444e-01,-9.442819999999999547e-01,-1.000000000000000000e+00,-9.259260000000000268e-01,4.132979999999999987e-01,-6.086510000000000531e-01,3.762059999999999849e-01,-6.521740000000000315e-01,-8.511450000000000404e-01,1.276599999999999957e-01,9.951079999999999925e-01,3.539999999999999858e+01
-2.621410000000000129e-01,-9.961449999999999472e-01,-1.000000000000000000e+00,-3.233139999999999903e-01,-1.000000000000000000e+00,-1.769550000000000012e-01,-2.305039999999999867e-01,4.541709999999999914e-01,-7.689709999999999601e-01,-5.652169999999999694e-01,-2.213739999999999875e-01,4.042549999999999755e-01,9.943009999999999904e-01,1.750000000000000000e+01
-3.587199999999999833e-01,-9.976399999999999713e-01,-1.000000000000000000e+00,1.000000000000000000e+00,-1.000000000000000000e+00,-7.818930000000000324e-02,-7.185279999999999445e-02,6.601439999999999531e-01,-8.217130000000000267e-01,-7.391299999999999537e-01,1.000000000000000000e+00,5.957449999999999690e-01,1.000000000000000000e+00,2.010000000000000142e+01
-4.608169999999999766e-01,-9.944420000000000481e-01,-1.000000000000000000e+00,-3.079180000000000250e-01,-1.000000000000000000e+00,-3.456790000000000140e-01,-1.783869999999999900e-01,5.406800000000000495e-01,-4.879649999999999821e-01,-7.391299999999999537e-01,-5.534350000000000103e-01,2.340430000000000010e-01,9.975789999999999935e-01,1.619999999999999929e+01
-6.887419999999999654e-01,-9.980620000000000047e-01,-4.000000000000000222e-01,-6.722869999999999679e-01,-1.000000000000000000e+00,-8.230450000000000266e-01,1.668900000000000106e-01,-1.905249999999999999e-01,-7.968609999999999582e-02,-5.652169999999999694e-01,-5.687020000000000408e-01,-1.489360000000000128e-01,9.338340000000000529e-01,2.330000000000000071e+01
-2.665560000000000151e-01,-9.206769999999999676e-01,-1.000000000000000000e+00,4.017600000000000060e-01,1.000000000000000000e+00,1.000000000000000000e+00,-7.089479999999999567e-03,6.416070000000000384e-01,-8.879869999999999708e-01,-6.521740000000000315e-01,-1.755730000000000068e-01,-5.531909999999999883e-01,-5.577689999999999593e-01,1.559999999999999964e+01
5.209709999999999619e-01,-9.376550000000000162e-01,-1.000000000000000000e+00,4.017600000000000060e-01,-1.000000000000000000e+00,1.000000000000000000e+00,-4.857250000000000179e-01,9.546860000000000346e-01,-9.606620000000000159e-01,-6.521740000000000315e-01,-1.755730000000000068e-01,-5.531909999999999883e-01,1.000000000000000000e+00,1.180000000000000071e+01
-4.310149999999999815e-01,-9.971839999999999593e-01,-1.000000000000000000e+00,-2.998529999999999807e-01,-1.000000000000000000e+00,-3.333329999999999904e-01,2.107679999999999797e-03,4.335740000000000149e-01,-7.089180000000000481e-01,-5.652169999999999694e-01,-6.488549999999999873e-02,1.063830000000000053e-01,9.818449999999999678e-01,2.119999999999999929e+01
-2.008830000000000060e-01,-9.973710000000000075e-01,-1.000000000000000000e+00,-2.998529999999999807e-01,-1.000000000000000000e+00,-3.333329999999999904e-01,-9.867789999999999895e-02,8.537590000000000456e-01,-7.774280000000000079e-01,-5.652169999999999694e-01,-6.488549999999999873e-02,1.063830000000000053e-01,9.901659999999999906e-01,1.880000000000000071e+01
-2.157840000000000036e-01,-9.946300000000000141e-01,-1.000000000000000000e+00,-3.079180000000000250e-01,-1.000000000000000000e+00,-3.456790000000000140e-01,-1.488790000000000113e-01,4.170960000000000223e-01,-4.721969999999999779e-01,-7.391299999999999537e-01,-5.534350000000000103e-01,2.340430000000000010e-01,1.000000000000000000e+00,1.980000000000000071e+01
-4.188740000000000241e-01,-9.733249999999999957e-01,-1.000000000000000000e+00,5.711140000000000105e-01,-1.000000000000000000e+00,-1.646090000000000053e-02,5.958999999999999714e-02,9.526259999999999728e-01,-7.924139999999999517e-01,-7.391299999999999537e-01,-4.580150000000000193e-02,8.297870000000000523e-01,1.000000000000000000e+00,1.960000000000000142e+01
-9.122519999999999518e-01,-9.659950000000000481e-01,-1.000000000000000000e+00,4.017600000000000060e-01,1.000000000000000000e+00,-9.465020000000000377e-02,8.447980000000000489e-01,8.743560000000000221e-01,-8.122380000000000155e-01,-6.521740000000000315e-01,-1.755730000000000068e-01,-5.531909999999999883e-01,9.573859999999999593e-01,5.000000000000000000e+01
-3.029800000000000271e-01,-9.199199999999999600e-01,-1.000000000000000000e+00,2.932549999999999879e-01,-1.000000000000000000e+00,-1.975310000000000121e-01,1.021269999999999956e-01,4.850670000000000259e-01,-6.786550000000000082e-01,1.000000000000000000e+00,8.282439999999999802e-01,6.170210000000000417e-01,9.821980000000000155e-01,2.319999999999999929e+01
-9.116999999999999549e-01,-9.993549999999999933e-01,5.999999999999999778e-01,-6.708210000000000006e-01,-1.000000000000000000e+00,-8.930040000000000200e-01,2.646100000000000119e-01,-4.850670000000000259e-01,-2.748680000000000012e-01,-7.391299999999999537e-01,-7.786260000000000403e-01,4.042549999999999755e-01,1.000000000000000000e+00,2.850000000000000000e+01
-6.181020000000000403e-01,-9.995810000000000528e-01,-1.000000000000000000e+00,-8.951609999999999845e-01,-1.000000000000000000e+00,-4.526749999999999940e-01,1.415980000000000016e-01,1.699279999999999957e-01,-6.568209999999999327e-02,-1.000000000000000000e+00,-1.030530000000000057e-01,-2.978720000000000256e-01,9.650009999999999977e-01,1.650000000000000000e+01
3.863130000000000210e-03,-8.276790000000000536e-01,-1.000000000000000000e+00,2.932549999999999879e-01,-1.000000000000000000e+00,2.674900000000000055e-01,-1.622919999999999918e-01,9.773429999999999618e-01,-9.083740000000000148e-01,1.000000000000000000e+00,8.282439999999999802e-01,6.170210000000000417e-01,9.808360000000000412e-01,8.500000000000000000e+00
-7.577260000000000106e-01,-9.924749999999999961e-01,-1.000000000000000000e+00,-4.926690000000000236e-01,-1.000000000000000000e+00,-5.555560000000000498e-01,9.369610000000000438e-02,-2.337799999999999878e-01,-3.468160000000000132e-01,-6.521740000000000315e-01,-6.183210000000000095e-01,4.893620000000000192e-01,1.000000000000000000e+00,2.500000000000000000e+01
-5.695360000000000422e-01,-7.926039999999999752e-01,-1.000000000000000000e+00,2.932549999999999879e-01,-1.000000000000000000e+00,1.234569999999999938e-02,1.743629999999999833e-02,1.000000000000000000e+00,-9.928160000000000318e-01,1.000000000000000000e+00,8.282439999999999802e-01,6.170210000000000417e-01,8.449240000000000084e-01,5.000000000000000000e+01
-1.766000000000000070e-01,-9.516980000000000439e-01,-1.000000000000000000e+00,4.017600000000000060e-01,-1.000000000000000000e+00,1.000000000000000000e+00,-2.078939999999999955e-01,1.000000000000000000e+00,-9.296170000000000266e-01,-6.521740000000000315e-01,-1.755730000000000068e-01,-5.531909999999999883e-01,-1.479650000000000132e-01,1.559999999999999964e+01
-4.260490000000000110e-01,-7.314869999999999983e-01,-1.000000000000000000e+00,2.932549999999999879e-01,-1.000000000000000000e+00,1.275719999999999910e-01,-2.155590000000000006e-01,1.000000000000000000e+00,-9.717010000000000369e-01,1.000000000000000000e+00,8.282439999999999802e-01,6.170210000000000417e-01,6.731549999999999478e-01,2.789999999999999858e+01
-5.187640000000000029e-01,-9.830210000000000337e-01,-5.999999999999999778e-01,-7.426690000000000236e-01,-1.000000000000000000e+00,7.818930000000000324e-02,-2.339529999999999943e-01,2.337799999999999878e-01,-8.441560000000000175e-01,-6.521740000000000315e-01,-7.061070000000000402e-01,-9.148939999999999850e-01,9.773060000000000080e-01,2.280000000000000071e+01
-7.924940000000000317e-01,-9.998500000000000165e-01,-2.999999999999999889e-01,-9.222869999999999679e-01,-1.000000000000000000e+00,-7.654320000000000013e-01,4.102319999999999856e-01,-4.428420000000000273e-02,7.453919999999999990e-02,-1.000000000000000000e+00,-6.297709999999999697e-01,-3.829790000000000139e-01,9.891069999999999585e-01,3.270000000000000284e+01
-8.013249999999999540e-01,-9.985899999999999777e-01,-1.000000000000000000e+00,-8.739000000000000101e-01,-1.000000000000000000e+00,-6.995879999999999876e-01,3.742099999999999871e-01,5.664260000000000128e-02,-1.029110000000000025e-01,-8.260870000000000157e-01,-8.664119999999999600e-01,2.978720000000000256e-01,1.000000000000000000e+00,3.620000000000000284e+01
-5.938189999999999857e-01,-9.991210000000000369e-01,-1.000000000000000000e+00,-7.961880000000000068e-01,-1.000000000000000000e+00,-6.913580000000000281e-01,-1.015519999999999964e-02,-3.964980000000000171e-01,-1.372109999999999996e-01,-7.391299999999999537e-01,-7.251910000000000300e-02,-8.510639999999999872e-02,8.571280000000000010e-01,1.980000000000000071e+01
-9.321190000000000309e-01,-8.531539999999999679e-01,-1.000000000000000000e+00,2.932549999999999879e-01,1.000000000000000000e+00,1.234569999999999938e-02,3.240080000000000182e-01,9.485069999999999890e-01,-9.867599999999999705e-01,1.000000000000000000e+00,8.282439999999999802e-01,6.170210000000000417e-01,9.755409999999999915e-01,5.000000000000000000e+01
5.927149999999999919e-01,-1.380119999999999958e-01,-1.000000000000000000e+00,2.932549999999999879e-01,-1.000000000000000000e+00,2.674900000000000055e-01,-2.749570000000000070e-01,1.000000000000000000e+00,-9.345269999999999966e-01,1.000000000000000000e+00,8.282439999999999802e-01,6.170210000000000417e-01,1.000000000000000000e+00,5.000000000000000000e+00
-5.540840000000000209e-01,-9.344120000000000203e-01,-1.000000000000000000e+00,4.017600000000000060e-01,-1.000000000000000000e+00,-9.465020000000000377e-02,-2.663350000000000092e-02,8.558189999999999964e-01,-7.901589999999999447e-01,-6.521740000000000315e-01,-1.755730000000000068e-01,-5.531909999999999883e-01,2.095420000000000060e-01,2.500000000000000000e+01
-9.437089999999999368e-02,-8.190520000000000023e-01,-1.000000000000000000e+00,2.932549999999999879e-01,-1.000000000000000000e+00,-1.810700000000000087e-01,-2.849200000000000066e-01,9.052519999999999456e-01,-7.635330000000000172e-01,1.000000000000000000e+00,8.282439999999999802e-01,6.170210000000000417e-01,7.764889999999999848e-01,1.380000000000000071e+01
-9.878589999999999594e-02,-9.944770000000000554e-01,-1.000000000000000000e+00,-2.573309999999999764e-01,-1.000000000000000000e+00,-5.720159999999999689e-01,-1.484959999999999891e-01,4.376929999999999987e-01,-4.134169999999999789e-01,-7.391299999999999537e-01,-6.564889999999999892e-01,2.765960000000000085e-01,9.623279999999999612e-01,2.250000000000000000e+01
-7.334439999999999849e-01,-9.958550000000000457e-01,-5.600000000000000533e-01,-6.041060000000000318e-01,-1.000000000000000000e+00,-8.106999999999999762e-01,2.098099999999999965e-01,-6.992789999999999839e-01,2.179609999999999881e-01,-4.782609999999999917e-01,-4.541979999999999906e-01,3.829790000000000139e-01,9.840640000000000498e-01,2.619999999999999929e+01
-3.852099999999999969e-01,-9.093609999999999749e-01,-1.000000000000000000e+00,2.932549999999999879e-01,-1.000000000000000000e+00,-3.950620000000000243e-01,2.241809999999999983e-02,8.084449999999999692e-01,-6.417720000000000091e-01,1.000000000000000000e+00,8.282439999999999802e-01,6.170210000000000417e-01,9.920820000000000194e-01,1.960000000000000142e+01
-9.238410000000000233e-01,-9.997960000000000180e-01,8.000000000000000444e-01,-7.587979999999999725e-01,-1.000000000000000000e+00,-9.629630000000000134e-01,4.918569999999999887e-01,-3.553040000000000087e-01,-5.309679999999999955e-02,-8.260870000000000157e-01,-7.824429999999999996e-01,-2.978720000000000256e-01,9.467449999999999477e-01,4.400000000000000000e+01
-5.706400000000000361e-01,-9.991759999999999531e-01,5.000000000000000278e-02,-6.436950000000000172e-01,-1.000000000000000000e+00,-9.176950000000000385e-01,1.511780000000000068e-01,-5.880539999999999656e-01,1.253350000000000020e-01,-5.652169999999999694e-01,-5.954199999999999493e-01,-1.489360000000000128e-01,8.730139999999999567e-01,2.480000000000000071e+01
-9.895140000000000047e-01,-9.589199999999999946e-01,-1.000000000000000000e+00,4.017600000000000060e-01,1.000000000000000000e+00,-9.465020000000000377e-02,6.252159999999999940e-01,9.629250000000000309e-01,-8.342990000000000128e-01,-6.521740000000000315e-01,-1.755730000000000068e-01,-5.531909999999999883e-01,9.632359999999999811e-01,5.000000000000000000e+01
-5.275940000000000074e-01,-8.692849999999999744e-01,-1.000000000000000000e+00,2.932549999999999879e-01,-1.000000000000000000e+00,3.497939999999999938e-01,1.312510000000000066e-01,7.919669999999999765e-01,-6.959140000000000326e-01,1.000000000000000000e+00,8.282439999999999802e-01,6.170210000000000417e-01,9.844669999999999810e-01,2.019999999999999929e+01
-7.268210000000000504e-01,-9.983720000000000372e-01,-1.000000000000000056e-01,-7.815250000000000252e-01,-1.000000000000000000e+00,-7.860080000000000400e-01,2.343359999999999888e-01,-2.131820000000000104e-01,-5.164090000000000069e-01,-6.521740000000000315e-01,-1.946559999999999957e-01,-4.468090000000000117e-01,9.847190000000000110e-01,3.200000000000000000e+01
-7.328919999999999879e-01,-9.990590000000000304e-01,5.999999999999999778e-01,-7.668620000000000436e-01,-1.000000000000000000e+00,-9.711929999999999730e-01,-2.395090000000000066e-02,-4.006179999999999741e-01,4.714510000000000089e-01,-1.000000000000000000e+00,-5.114499999999999602e-01,-1.914889999999999926e-01,9.797770000000000090e-01,2.189999999999999858e+01
-8.333329999999999904e-02,-9.803319999999999812e-01,-1.000000000000000000e+00,5.711140000000000105e-01,-1.000000000000000000e+00,-1.646090000000000053e-02,-2.044449999999999878e-01,8.908340000000000147e-01,-8.453559999999999963e-01,-7.391299999999999537e-01,-4.580150000000000193e-02,8.297870000000000523e-01,1.000000000000000000e+00,1.430000000000000071e+01
4.387420000000000209e-01,-9.466560000000000530e-01,-1.000000000000000000e+00,4.017600000000000060e-01,-1.000000000000000000e+00,1.000000000000000000e+00,-1.552019999999999962e-02,1.000000000000000000e+00,-9.473489999999999966e-01,-6.521740000000000315e-01,-1.755730000000000068e-01,-5.531909999999999883e-01,-1.296080000000000010e-01,1.380000000000000071e+01
-1.997790000000000121e-01,-8.258760000000000545e-01,-1.000000000000000000e+00,2.932549999999999879e-01,-1.000000000000000000e+00,3.497939999999999938e-01,5.000960000000000127e-02,6.642639999999999656e-01,-6.992789999999999839e-01,1.000000000000000000e+00,8.282439999999999802e-01,6.170210000000000417e-01,3.711740000000000039e-01,1.490000000000000036e+01
5.353200000000000180e-01,-9.936329999999999885e-01,-1.000000000000000000e+00,-2.573309999999999764e-01,-1.000000000000000000e+00,-5.720159999999999689e-01,-2.906690000000000107e-01,-8.578780000000000294e-01,-5.529830000000000023e-01,-7.391299999999999537e-01,-6.564889999999999892e-01,2.765960000000000085e-01,7.580820000000000336e-01,2.369999999999999929e+01
-8.984550000000000036e-01,-9.983020000000000227e-01,-1.000000000000000000e+00,-8.218480000000000230e-01,-1.000000000000000000e+00,-7.530860000000000332e-01,6.321130000000000360e-01,-2.996909999999999852e-01,-5.697699999999999987e-01,-9.130430000000000490e-01,-6.603050000000000308e-01,1.489360000000000128e-01,9.830050000000000177e-01,4.379999999999999716e+01
-5.739509999999999890e-01,-9.985939999999999817e-01,-1.000000000000000000e+00,-8.533720000000000194e-01,-1.000000000000000000e+00,-5.761319999999999775e-01,-1.015519999999999964e-02,2.214210000000000067e-01,-7.329609999999999737e-01,-8.260870000000000157e-01,-9.770990000000000508e-01,1.063830000000000053e-01,1.000000000000000000e+00,3.620000000000000284e+01
9.453639999999999821e-01,2.820819999999999925e-02,-1.000000000000000000e+00,2.932549999999999879e-01,-1.000000000000000000e+00,2.674900000000000055e-01,-6.328799999999999981e-01,1.000000000000000000e+00,-9.038640000000000008e-01,1.000000000000000000e+00,8.282439999999999802e-01,6.170210000000000417e-01,-5.564580000000000082e-01,7.000000000000000000e+00
-5.110379999999999923e-01,-9.991769999999999818e-01,-4.400000000000000022e-01,6.891500000000000403e-02,-1.000000000000000000e+00,-6.748969999999999692e-01,3.008239999999999872e-02,5.324410000000000531e-01,-5.479819999999999691e-01,-7.391299999999999537e-01,-6.832059999999999800e-01,1.914889999999999926e-01,1.000000000000000000e+00,2.060000000000000142e+01
-7.538629999999999498e-01,-9.986000000000000432e-01,-1.000000000000000000e+00,-8.218480000000000230e-01,-1.000000000000000000e+00,-7.530860000000000332e-01,4.772950000000000248e-01,2.275999999999999968e-01,-5.697699999999999987e-01,-9.130430000000000490e-01,-6.603050000000000308e-01,1.489360000000000128e-01,1.000000000000000000e+00,3.320000000000000284e+01
-1.241720000000000046e-01,-7.982089999999999463e-01,-1.000000000000000000e+00,2.932549999999999879e-01,1.000000000000000000e+00,5.843620000000000481e-01,1.590340000000000156e-02,9.464470000000000383e-01,-8.194759999999999822e-01,1.000000000000000000e+00,8.282439999999999802e-01,6.170210000000000417e-01,9.033229999999999871e-01,1.780000000000000071e+01
9.216340000000000643e-02,-8.345329999999999693e-01,-1.000000000000000000e+00,2.932549999999999879e-01,-1.000000000000000000e+00,2.098770000000000080e-01,8.622339999999999172e-03,5.489190000000000458e-01,-8.534129999999999772e-01,1.000000000000000000e+00,8.282439999999999802e-01,6.170210000000000417e-01,-5.137930000000000552e-01,1.100000000000000000e+01
-6.810150000000000370e-01,-9.993440000000000101e-01,-5.000000000000000000e-01,-6.774189999999999934e-01,-1.000000000000000000e+00,-8.312760000000000149e-01,-1.341249999999999994e-03,-9.783730000000000204e-02,-2.232169999999999987e-01,-7.391299999999999537e-01,-6.412210000000000409e-01,3.617020000000000235e-01,9.684300000000000130e-01,2.289999999999999858e+01
3.217439999999999745e-01,-7.398759999999999781e-01,-1.000000000000000000e+00,2.932549999999999879e-01,-1.000000000000000000e+00,2.962960000000000038e-01,-4.347579999999999778e-01,9.382080000000000419e-01,-8.835309999999999553e-01,1.000000000000000000e+00,8.282439999999999802e-01,6.170210000000000417e-01,1.000000000000000000e+00,9.699999999999999289e+00
-8.388519999999999310e-02,-9.929879999999999818e-01,-1.000000000000000000e+00,-3.079180000000000250e-01,-1.000000000000000000e+00,-3.456790000000000140e-01,-9.829469999999999874e-02,6.539650000000000185e-01,-4.782170000000000032e-01,-7.391299999999999537e-01,-5.534350000000000103e-01,2.340430000000000010e-01,9.687329999999999552e-01,1.780000000000000071e+01
-3.780350000000000099e-01,-9.977160000000000473e-01,-1.000000000000000000e+00,-4.061580000000000190e-01,-1.000000000000000000e+00,-4.444440000000000057e-01,9.388769999999999408e-03,6.076209999999999944e-02,-7.002429999999999488e-01,-6.521740000000000315e-01,-2.480920000000000070e-01,7.659569999999999990e-01,9.828029999999999822e-01,2.169999999999999929e+01
-3.598230000000000040e-01,-6.961699999999999555e-01,-1.000000000000000000e+00,2.932549999999999879e-01,-1.000000000000000000e+00,1.234569999999999938e-02,-8.842689999999999717e-01,1.000000000000000000e+00,-9.307079999999999798e-01,1.000000000000000000e+00,8.282439999999999802e-01,6.170210000000000417e-01,-3.388470000000000093e-01,2.310000000000000142e+01
8.885210000000000330e-02,-9.909769999999999968e-01,-1.000000000000000000e+00,-5.791789999999999994e-01,1.000000000000000000e+00,-4.979419999999999957e-01,-2.490899999999999885e-03,8.208029999999999493e-01,-6.511019999999999586e-01,-3.913039999999999852e-01,-5.419850000000000501e-01,2.127659999999999968e-02,9.916279999999999539e-01,2.169999999999999929e+01
-6.015449999999999964e-02,-8.811569999999999681e-01,-1.000000000000000000e+00,2.932549999999999879e-01,-1.000000000000000000e+00,2.962960000000000038e-01,-4.579420000000000018e-02,6.395469999999999766e-01,-8.111829999999999874e-01,1.000000000000000000e+00,8.282439999999999802e-01,6.170210000000000417e-01,9.066009999999999902e-01,2.319999999999999929e+01
-5.750549999999999828e-01,-9.991670000000000273e-01,-5.799999999999999600e-01,-6.202349999999999808e-01,-1.000000000000000000e+00,-7.777779999999999694e-01,-2.126839999999999981e-02,2.378989999999999994e-01,3.394590000000000107e-02,-7.391299999999999537e-01,-7.862599999999999589e-01,-1.063830000000000053e-01,9.852239999999999887e-01,2.050000000000000000e+01
-6.219649999999999901e-01,-9.982839999999999492e-01,-1.000000000000000000e+00,-1.319649999999999990e-02,-1.000000000000000000e+00,-7.860080000000000400e-01,-1.666990000000000138e-02,-6.807419999999999582e-01,-2.046669999999999878e-01,-7.391299999999999537e-01,-6.106869999999999798e-01,-2.765960000000000085e-01,1.000000000000000000e+00,2.389999999999999858e+01
-3.818980000000000152e-01,-9.997000000000000330e-01,5.999999999999999778e-01,-9.046920000000000517e-01,-1.000000000000000000e+00,-1.000000000000000000e+00,2.280130000000000004e-02,-4.109169999999999767e-01,4.476080000000000059e-01,-1.000000000000000000e+00,-7.938929999999999598e-01,1.914889999999999926e-01,7.211159999999999792e-01,2.010000000000000142e+01
-8.879690000000000083e-01,-9.902109999999999523e-01,-1.000000000000000000e+00,-5.791789999999999994e-01,-1.000000000000000000e+00,-5.102879999999999638e-01,1.461969999999999936e-01,-6.189500000000000002e-01,-5.916120000000000267e-01,-3.913039999999999852e-01,-5.419850000000000501e-01,2.127659999999999968e-02,9.164860000000000229e-01,3.150000000000000000e+01
-3.024279999999999746e-01,-9.985910000000000064e-01,-1.000000000000000000e+00,8.467740000000000267e-01,-1.000000000000000000e+00,-1.934160000000000046e-01,-1.151559999999999945e-01,3.759009999999999851e-01,-7.948330000000000117e-01,-9.130430000000000490e-01,-9.961830000000000407e-01,3.829790000000000139e-01,9.609159999999999924e-01,2.200000000000000000e+01
-9.310150000000000370e-01,-9.979829999999999535e-01,-2.000000000000000111e-01,-5.637830000000000341e-01,-1.000000000000000000e+00,-7.448559999999999626e-01,2.619279999999999942e-01,-1.781669999999999920e-01,-4.293480000000000074e-01,-7.391299999999999537e-01,-7.442750000000000199e-01,6.382980000000000598e-02,1.000000000000000000e+00,3.200000000000000000e+01
-5.347680000000000211e-01,-9.978749999999999565e-01,-1.000000000000000000e+00,-2.998529999999999807e-01,-1.000000000000000000e+00,-3.333329999999999904e-01,2.086610000000000131e-01,6.210090000000000332e-01,-7.184840000000000115e-01,-5.652169999999999694e-01,-6.488549999999999873e-02,1.063830000000000053e-01,9.933939999999999992e-01,2.280000000000000071e+01
-3.239509999999999890e-01,-9.982739999999999947e-01,-1.000000000000000000e+00,-8.533720000000000194e-01,-1.000000000000000000e+00,-5.761319999999999775e-01,-2.170910000000000062e-01,7.899070000000000258e-01,-6.620319999999999538e-01,-8.260870000000000157e-01,-9.770990000000000508e-01,1.063830000000000053e-01,9.702460000000000528e-01,2.639999999999999858e+01
-5.088300000000000045e-01,-9.949999999999999956e-01,-1.000000000000000000e+00,-4.061580000000000190e-01,-1.000000000000000000e+00,-4.444440000000000057e-01,8.986399999999999944e-02,6.992789999999999839e-01,-7.117189999999999905e-01,-6.521740000000000315e-01,-2.480920000000000070e-01,7.659569999999999990e-01,-6.445610000000000506e-01,1.860000000000000142e+01
-8.013249999999999540e-01,-9.986439999999999761e-01,-1.000000000000000000e+00,-7.368040000000000145e-01,-1.000000000000000000e+00,-4.855970000000000009e-01,1.438969999999999971e-01,-3.779609999999999914e-01,-6.357699999999999463e-01,-6.521740000000000315e-01,-5.839689999999999603e-01,-1.489360000000000128e-01,9.700440000000000174e-01,2.939999999999999858e+01
-5.452540000000000164e-01,-9.986549999999999594e-01,-1.000000000000000000e+00,-7.961880000000000068e-01,-1.000000000000000000e+00,-6.913580000000000281e-01,-1.159229999999999983e-01,-5.283210000000000406e-01,-2.570629999999999860e-01,-7.391299999999999537e-01,-7.251910000000000300e-02,-8.510639999999999872e-02,9.270770000000000399e-01,1.930000000000000071e+01
-2.582780000000000076e-01,-8.058119999999999727e-01,-1.000000000000000000e+00,2.932549999999999879e-01,-1.000000000000000000e+00,2.674900000000000055e-01,8.622339999999999172e-03,8.475800000000000001e-01,-8.796749999999999847e-01,1.000000000000000000e+00,8.282439999999999802e-01,6.170210000000000417e-01,1.000000000000000000e+00,1.380000000000000071e+01
7.119209999999999428e-02,-9.936319999999999597e-01,-1.000000000000000000e+00,-3.233139999999999903e-01,-1.000000000000000000e+00,-1.769550000000000012e-01,-2.990990000000000038e-01,4.418130000000000113e-01,-6.964599999999999680e-01,-5.652169999999999694e-01,-2.213739999999999875e-01,4.042549999999999755e-01,1.000000000000000000e+00,1.969999999999999929e+01
-6.981239999999999668e-01,-9.963750000000000107e-01,-1.000000000000000000e+00,-4.926690000000000236e-01,-1.000000000000000000e+00,-5.555560000000000498e-01,9.791149999999999853e-02,1.750770000000000104e-02,-3.796800000000000175e-01,-6.521740000000000315e-01,-6.183210000000000095e-01,4.893620000000000192e-01,1.000000000000000000e+00,2.380000000000000071e+01
1.672190000000000065e-01,-7.890449999999999964e-01,-1.000000000000000000e+00,2.932549999999999879e-01,-1.000000000000000000e+00,4.609050000000000091e-01,-2.082769999999999899e-01,8.743560000000000221e-01,-8.749470000000000303e-01,1.000000000000000000e+00,8.282439999999999802e-01,6.170210000000000417e-01,1.000000000000000000e+00,1.280000000000000071e+01
-6.605959999999999610e-01,-9.990759999999999641e-01,-1.000000000000000000e+00,-1.590910000000000102e-01,-1.000000000000000000e+00,-2.263370000000000104e-01,-5.384169999999999928e-02,6.045310000000000406e-01,-7.498569999999999958e-01,-1.000000000000000000e+00,-6.717560000000000198e-01,7.872339999999999893e-01,1.000000000000000000e+00,1.190000000000000036e+01
-8.570640000000000480e-01,-9.995209999999999928e-01,5.000000000000000000e-01,-8.174489999999999812e-01,-1.000000000000000000e+00,-8.230450000000000266e-01,1.626749999999999863e-01,-6.107110000000000039e-01,-2.231450000000000100e-01,-8.260870000000000157e-01,-7.519080000000000208e-01,2.127660000000000107e-01,9.935950000000000060e-01,3.080000000000000071e+01
-8.278149999999999398e-02,-9.742520000000000069e-01,-1.000000000000000000e+00,-4.369500000000000051e-01,-1.000000000000000000e+00,-3.703699999999999770e-01,-1.799199999999999966e-01,8.970129999999999493e-01,-5.166640000000000121e-01,-7.391299999999999537e-01,-5.419850000000000501e-01,7.872339999999999893e-01,8.077060000000000350e-01,1.309999999999999964e+01
8.013249999999999540e-01,-5.772800000000000153e-01,-1.000000000000000000e+00,2.932549999999999879e-01,-1.000000000000000000e+00,-1.275719999999999910e-01,-5.911089999999999955e-01,1.000000000000000000e+00,-9.228330000000000144e-01,1.000000000000000000e+00,8.282439999999999802e-01,6.170210000000000417e-01,-8.564220000000000166e-01,1.789999999999999858e+01
-5.618100000000000316e-01,-9.987340000000000106e-01,-1.000000000000000000e+00,-1.590910000000000102e-01,-1.000000000000000000e+00,-2.263370000000000104e-01,1.619079999999999964e-01,3.635430000000000050e-01,-7.546580000000000510e-01,-1.000000000000000000e+00,-6.717560000000000198e-01,7.872339999999999893e-01,9.752380000000000493e-01,2.239999999999999858e+01
1.000000000000000000e+00,-5.843110000000000248e-01,-1.000000000000000000e+00,2.932549999999999879e-01,-1.000000000000000000e+00,1.646090000000000053e-01,-7.788850000000000495e-01,1.000000000000000000e+00,-9.986540000000000417e-01,1.000000000000000000e+00,8.282439999999999802e-01,6.170210000000000417e-01,1.000000000000000000e+00,1.380000000000000071e+01
-5.579469999999999708e-01,-9.989059999999999606e-01,-1.000000000000000000e+00,-6.532259999999999733e-01,-1.000000000000000000e+00,-4.650210000000000177e-01,-7.108639999999999404e-02,-1.246140000000000025e-01,-3.302479999999999860e-01,-6.521740000000000315e-01,-8.587789999999999591e-01,6.170210000000000417e-01,1.000000000000000000e+00,1.900000000000000000e+01
-4.001100000000000212e-01,-9.924979999999999913e-01,-1.000000000000000000e+00,5.711140000000000105e-01,-1.000000000000000000e+00,-1.646090000000000053e-02,1.101739999999999942e-01,9.773429999999999618e-01,-8.201490000000000169e-01,-7.391299999999999537e-01,-4.580150000000000193e-02,8.297870000000000523e-01,9.906199999999999450e-01,1.919999999999999929e+01
-5.518760000000000332e-02,-7.760989999999999833e-01,-1.000000000000000000e+00,2.932549999999999879e-01,-1.000000000000000000e+00,4.609050000000000091e-01,1.205210000000000031e-01,1.000000000000000000e+00,-8.456289999999999640e-01,1.000000000000000000e+00,8.282439999999999802e-01,6.170210000000000417e-01,9.487109999999999710e-01,1.540000000000000036e+01
-2.014350000000000029e-01,-9.952020000000000310e-01,-1.000000000000000000e+00,-5.271259999999999835e-01,-1.000000000000000000e+00,-7.407409999999999828e-01,-2.178579999999999961e-01,2.173019999999999952e-01,-9.827310000000000212e-02,-8.260870000000000157e-01,-8.244270000000000209e-01,1.276599999999999957e-01,1.000000000000000000e+00,1.939999999999999858e+01
-5.187640000000000029e-01,-9.969430000000000236e-01,-1.000000000000000000e+00,-2.998529999999999807e-01,-1.000000000000000000e+00,-3.333329999999999904e-01,3.199849999999999917e-02,6.745619999999999949e-01,-7.950509999999999522e-01,-5.652169999999999694e-01,-6.488549999999999873e-02,1.063830000000000053e-01,9.588480000000000336e-01,1.850000000000000000e+01
-8.211920000000000330e-01,-9.986890000000000489e-01,4.000000000000000222e-01,-8.695009999999999684e-01,-1.000000000000000000e+00,-9.382719999999999949e-01,6.687099999999999989e-02,-6.457260000000000222e-01,2.181980000000000031e-01,-6.521740000000000315e-01,-3.473280000000000256e-01,-5.319150000000000267e-01,8.554640000000000022e-01,2.250000000000000000e+01
-6.280350000000000099e-01,-9.860389999999999988e-01,-1.000000000000000000e+00,-4.369500000000000051e-01,-1.000000000000000000e+00,-3.703699999999999770e-01,-1.289520000000000111e-01,1.040159999999999973e-01,-3.872820000000000151e-01,-7.391299999999999537e-01,-5.419850000000000501e-01,7.872339999999999893e-01,9.935450000000000115e-01,1.989999999999999858e+01
-5.474609999999999754e-01,-9.861250000000000293e-01,-1.000000000000000000e+00,-5.791789999999999994e-01,1.000000000000000000e+00,-4.979419999999999957e-01,2.715080000000000271e-01,5.406800000000000495e-01,-6.103450000000000264e-01,-3.913039999999999852e-01,-5.419850000000000501e-01,2.127659999999999968e-02,9.671689999999999454e-01,2.750000000000000000e+01
-5.965780000000000527e-01,-9.980790000000000495e-01,-1.000000000000000000e+00,-7.368040000000000145e-01,-1.000000000000000000e+00,-4.855970000000000009e-01,9.407930000000000459e-02,6.725029999999999619e-01,-7.241589999999999971e-01,-6.521740000000000315e-01,-5.839689999999999603e-01,-1.489360000000000128e-01,9.929400000000000448e-01,2.360000000000000142e+01
-6.236200000000000077e-02,-9.724369999999999958e-01,-1.000000000000000000e+00,-4.369500000000000051e-01,-1.000000000000000000e+00,-3.703699999999999770e-01,-1.092160000000000006e-02,8.290419999999999456e-01,-4.821630000000000082e-01,-7.391299999999999537e-01,-5.419850000000000501e-01,7.872339999999999893e-01,1.000000000000000000e+00,1.519999999999999929e+01
-1.843269999999999909e-01,-9.812469999999999803e-01,-1.000000000000000000e+00,-4.369500000000000051e-01,-1.000000000000000000e+00,-3.703699999999999770e-01,-2.190070000000000072e-01,7.054580000000000295e-01,-3.952840000000000242e-01,-7.391299999999999537e-01,-5.419850000000000501e-01,7.872339999999999893e-01,5.285689999999999555e-01,1.390000000000000036e+01
-3.443709999999999827e-01,-9.968879999999999963e-01,-1.000000000000000000e+00,-2.998529999999999807e-01,-1.000000000000000000e+00,-3.333329999999999904e-01,-1.684229999999999894e-01,2.832129999999999925e-01,-7.036259999999999737e-01,-5.652169999999999694e-01,-6.488549999999999873e-02,1.063830000000000053e-01,9.727670000000000483e-01,1.930000000000000071e+01
-5.027589999999999559e-01,-8.692210000000000214e-01,-1.000000000000000000e+00,2.932549999999999879e-01,-1.000000000000000000e+00,-3.950620000000000243e-01,2.739990000000000134e-02,2.729150000000000187e-01,-5.826820000000000332e-01,1.000000000000000000e+00,8.282439999999999802e-01,6.170210000000000417e-01,1.000000000000000000e+00,2.300000000000000000e+01
-2.847680000000000211e-01,-9.970139999999999558e-01,-1.000000000000000000e+00,-7.368040000000000145e-01,-1.000000000000000000e+00,-4.855970000000000009e-01,-2.293540000000000023e-01,7.631310000000000038e-01,-7.332880000000000509e-01,-6.521740000000000315e-01,-5.839689999999999603e-01,-1.489360000000000128e-01,1.000000000000000000e+00,2.310000000000000142e+01
5.562909999999999799e-01,-9.953929999999999723e-01,-7.500000000000000000e-01,-4.567450000000000121e-01,-1.000000000000000000e+00,-4.279839999999999756e-01,-2.067450000000000121e-01,1.000000000000000000e+00,-9.929159999999999375e-02,-6.521740000000000315e-01,-5.267180000000000195e-01,-4.468090000000000117e-01,9.482070000000000221e-01,1.650000000000000000e+01
-6.986750000000000460e-01,-9.983490000000000419e-01,-2.000000000000000111e-01,-5.637830000000000341e-01,-1.000000000000000000e+00,-7.448559999999999626e-01,1.193720000000000059e-01,-3.985580000000000234e-01,-4.524460000000000148e-01,-7.391299999999999537e-01,-7.442750000000000199e-01,6.382980000000000598e-02,1.000000000000000000e+00,2.910000000000000142e+01
-1.241720000000000046e-01,-9.961179999999999479e-01,-1.000000000000000000e+00,-3.233139999999999903e-01,-1.000000000000000000e+00,-1.769550000000000012e-01,-1.917989999999999973e-01,-4.665290000000000270e-01,-6.964599999999999680e-01,-5.652169999999999694e-01,-2.213739999999999875e-01,4.042549999999999755e-01,9.817939999999999445e-01,2.310000000000000142e+01
5.943709999999999827e-01,-6.779269999999999463e-01,-1.000000000000000000e+00,2.932549999999999879e-01,-1.000000000000000000e+00,2.962960000000000038e-01,-4.945390000000000064e-01,1.000000000000000000e+00,-9.163580000000000059e-01,1.000000000000000000e+00,8.282439999999999802e-01,6.170210000000000417e-01,8.790660000000000140e-01,1.019999999999999929e+01
-9.933770000000000100e-02,-6.759690000000000420e-01,-1.000000000000000000e+00,2.932549999999999879e-01,-1.000000000000000000e+00,4.609050000000000091e-01,1.113240000000000063e-01,8.619980000000000420e-01,-8.412279999999999758e-01,1.000000000000000000e+00,8.282439999999999802e-01,6.170210000000000417e-01,-8.629780000000000229e-01,9.599999999999999645e+00
-8.730679999999999552e-01,-9.995290000000000008e-01,-1.000000000000000000e+00,-5.153959999999999653e-01,-1.000000000000000000e+00,-6.543210000000000415e-01,3.887720000000000065e-01,1.987639999999999962e-01,-3.020760000000000112e-01,-9.130430000000000490e-01,-7.900760000000000005e-01,1.063830000000000053e-01,9.794749999999999845e-01,3.470000000000000284e+01
-1.506619999999999904e-01,-8.041939999999999644e-01,-1.000000000000000000e+00,2.932549999999999879e-01,-1.000000000000000000e+00,2.674900000000000055e-01,1.151559999999999945e-01,9.752830000000000110e-01,-8.915880000000000472e-01,1.000000000000000000e+00,8.282439999999999802e-01,6.170210000000000417e-01,9.751880000000000548e-01,1.309999999999999964e+01
-1.004420000000000035e-01,-7.701090000000000435e-01,-1.000000000000000000e+00,2.932549999999999879e-01,-1.000000000000000000e+00,-5.761320000000000330e-02,5.556619999999999962e-03,9.320289999999999964e-01,-8.106919999999999682e-01,1.000000000000000000e+00,8.282439999999999802e-01,6.170210000000000417e-01,9.132580000000000142e-01,1.459999999999999964e+01
-5.711920000000000330e-01,-9.972980000000000178e-01,-5.000000000000000000e-01,-6.576250000000000151e-01,-1.000000000000000000e+00,-7.201650000000000551e-01,2.266720000000000124e-01,-1.658080000000000109e-01,2.460420000000000107e-01,-3.913039999999999852e-01,-6.297709999999999697e-01,5.106380000000000363e-01,9.933429999999999760e-01,2.500000000000000000e+01
-1.330020000000000091e-01,-8.491309999999999691e-01,-1.000000000000000000e+00,2.932549999999999879e-01,-1.000000000000000000e+00,3.497939999999999938e-01,2.216899999999999982e-01,8.475800000000000001e-01,-7.828479999999999883e-01,1.000000000000000000e+00,8.282439999999999802e-01,6.170210000000000417e-01,-1.000000000000000000e+00,1.340000000000000036e+01
-6.782559999999999700e-01,-9.986610000000000209e-01,-1.000000000000000000e+00,-8.533720000000000194e-01,-1.000000000000000000e+00,-5.761319999999999775e-01,6.110370000000000523e-01,6.560249999999999693e-01,-7.069360000000000088e-01,-8.260870000000000157e-01,-9.770990000000000508e-01,1.063830000000000053e-01,9.932419999999999582e-01,3.979999999999999716e+01
-9.238410000000000233e-01,-9.996530000000000138e-01,6.500000000000000222e-01,-8.848970000000000447e-01,-1.000000000000000000e+00,-8.765429999999999611e-01,5.516379999999999617e-01,-7.363539999999999530e-01,-6.511840000000000683e-02,-9.130430000000000490e-01,-3.854960000000000053e-01,-5.531909999999999883e-01,9.923340000000000494e-01,4.229999999999999716e+01
-6.688739999999999686e-01,-9.975659999999999528e-01,-5.999999999999999778e-01,-5.234600000000000364e-01,-1.000000000000000000e+00,-6.748969999999999692e-01,1.408320000000000127e-01,1.493309999999999915e-01,-4.929660000000000153e-01,-8.260870000000000157e-01,-8.625950000000000006e-01,2.765960000000000085e-01,9.902159999999999851e-01,2.439999999999999858e+01
-2.257170000000000010e-01,-9.962900000000000089e-01,-1.000000000000000000e+00,-2.998529999999999807e-01,-1.000000000000000000e+00,-3.333329999999999904e-01,-9.292970000000000397e-02,7.569519999999999582e-01,-7.574769999999999559e-01,-5.652169999999999694e-01,-6.488549999999999873e-02,1.063830000000000053e-01,7.378080000000000194e-01,1.830000000000000071e+01
-4.950330000000000008e-01,-9.927139999999999853e-01,-1.000000000000000000e+00,-5.791789999999999994e-01,-1.000000000000000000e+00,-4.979419999999999957e-01,-3.238169999999999937e-02,2.070029999999999926e-01,-5.412709999999999466e-01,-3.913039999999999852e-01,-5.419850000000000501e-01,2.127659999999999968e-02,8.983809999999999851e-01,2.400000000000000000e+01
-1.059599999999999986e-01,-9.980520000000000502e-01,-1.000000000000000000e+00,8.467740000000000267e-01,-1.000000000000000000e+00,-1.934160000000000046e-01,-8.028359999999999663e-02,8.537590000000000456e-01,-8.258959999999999635e-01,-9.130430000000000490e-01,-9.961830000000000407e-01,3.829790000000000139e-01,9.051390000000000269e-01,2.050000000000000000e+01
-2.991170000000000218e-01,-9.729999999999999760e-01,-1.000000000000000000e+00,4.017600000000000060e-01,-1.000000000000000000e+00,-9.465020000000000377e-02,-1.132399999999999934e-01,8.887739999999999529e-01,-7.642430000000000057e-01,-6.521740000000000315e-01,-1.755730000000000068e-01,-5.531909999999999883e-01,4.724389999999999978e-01,1.739999999999999858e+01
2.069539999999999991e-01,-7.936220000000000496e-01,-1.000000000000000000e+00,2.932549999999999879e-01,-1.000000000000000000e+00,2.962960000000000038e-01,-2.431500000000000050e-01,1.000000000000000000e+00,-9.180129999999999679e-01,1.000000000000000000e+00,8.282439999999999802e-01,6.170210000000000417e-01,1.000000000000000000e+00,1.130000000000000071e+01
-3.962470000000000159e-01,-9.043499999999999872e-01,-1.000000000000000000e+00,2.932549999999999879e-01,-1.000000000000000000e+00,5.843620000000000481e-01,-2.241809999999999983e-02,6.148299999999999876e-01,-7.491109999999999713e-01,1.000000000000000000e+00,8.282439999999999802e-01,6.170210000000000417e-01,9.689339999999999620e-01,2.260000000000000142e+01
1.870860000000000023e-01,-6.564750000000000307e-01,-1.000000000000000000e+00,2.932549999999999879e-01,-1.000000000000000000e+00,1.769550000000000012e-01,1.833680000000000032e-01,8.619980000000000420e-01,-9.608440000000000314e-01,1.000000000000000000e+00,8.282439999999999802e-01,6.170210000000000417e-01,8.291389999999999594e-01,1.390000000000000036e+01
3.625829999999999886e-01,-9.080340000000000078e-01,-1.000000000000000000e+00,4.017600000000000060e-01,-1.000000000000000000e+00,1.000000000000000000e+00,-2.692089999999999761e-01,1.000000000000000000e+00,-9.486759999999999637e-01,-6.521740000000000315e-01,-1.755730000000000068e-01,-5.531909999999999883e-01,1.000000000000000000e+00,1.559999999999999964e+01
-6.114789999999999948e-01,-9.983410000000000339e-01,-1.000000000000000000e+00,-5.967740000000000267e-01,-1.000000000000000000e+00,-5.308640000000000025e-01,-1.228199999999999986e-01,-2.049429999999999863e-01,-4.899290000000000034e-01,-6.521740000000000315e-01,-6.488549999999999596e-01,4.042549999999999755e-01,1.000000000000000000e+00,2.100000000000000000e+01
-5.794699999999999851e-02,-9.949879999999999836e-01,-1.000000000000000000e+00,-5.271259999999999835e-01,-1.000000000000000000e+00,-7.407409999999999828e-01,-5.384169999999999928e-02,7.013390000000000457e-01,-1.707120000000000026e-01,-8.260870000000000157e-01,-8.244270000000000209e-01,1.276599999999999957e-01,9.790210000000000301e-01,1.660000000000000142e+01
-1.423840000000000106e-01,-8.857180000000000053e-01,-1.000000000000000000e+00,2.932549999999999879e-01,-1.000000000000000000e+00,3.497939999999999938e-01,4.847669999999999757e-02,8.311020000000000074e-01,-7.747370000000000090e-01,1.000000000000000000e+00,8.282439999999999802e-01,6.170210000000000417e-01,9.404409999999999714e-01,1.610000000000000142e+01
-1.219650000000000040e-01,-8.092430000000000456e-01,-1.000000000000000000e+00,2.932549999999999879e-01,-1.000000000000000000e+00,-1.810700000000000087e-01,6.802070000000000338e-02,7.136970000000000258e-01,-8.321159999999999668e-01,1.000000000000000000e+00,8.282439999999999802e-01,6.170210000000000417e-01,-5.807660000000000045e-01,1.450000000000000000e+01
-2.781460000000000043e-01,-9.963429999999999787e-01,-1.000000000000000000e+00,8.467740000000000267e-01,-1.000000000000000000e+00,-1.934160000000000046e-01,-7.070319999999999383e-02,7.610710000000000530e-01,-8.429919999999999636e-01,-9.130430000000000490e-01,-9.961830000000000407e-01,3.829790000000000139e-01,9.400880000000000347e-01,2.139999999999999858e+01
-1.605959999999999888e-01,-8.157969999999999944e-01,-1.000000000000000000e+00,2.932549999999999879e-01,-1.000000000000000000e+00,3.497939999999999938e-01,-8.986399999999999944e-02,5.942330000000000112e-01,-6.999880000000000546e-01,1.000000000000000000e+00,8.282439999999999802e-01,6.170210000000000417e-01,-9.839630000000000321e-01,1.350000000000000000e+01
-5.292489999999999695e-01,-9.858010000000000383e-01,-1.000000000000000000e+00,-4.369500000000000051e-01,-1.000000000000000000e+00,-3.703699999999999770e-01,-2.854949999999999849e-02,6.807419999999999582e-01,-3.939559999999999729e-01,-7.391299999999999537e-01,-5.419850000000000501e-01,7.872339999999999893e-01,9.148720000000000185e-01,1.819999999999999929e+01
-6.092720000000000358e-01,-9.990890000000000049e-01,-1.000000000000000000e+00,-7.837239999999999762e-01,-1.000000000000000000e+00,-5.720159999999999689e-01,9.446250000000000480e-02,3.017509999999999915e-01,-6.430449999999999777e-01,-9.130430000000000490e-01,-6.832059999999999800e-01,1.063830000000000053e-01,9.761959999999999527e-01,2.260000000000000142e+01
7.560709999999999653e-02,-6.842890000000000361e-01,-1.000000000000000000e+00,2.932549999999999879e-01,-1.000000000000000000e+00,-1.275719999999999910e-01,1.864339999999999886e-01,1.000000000000000000e+00,-9.276339999999999586e-01,1.000000000000000000e+00,8.282439999999999802e-01,6.170210000000000417e-01,-8.248520000000000296e-01,1.719999999999999929e+01
-9.155630000000000157e-01,-8.900320000000000453e-01,-1.000000000000000000e+00,2.932549999999999879e-01,-1.000000000000000000e+00,1.234569999999999938e-02,-4.600500000000000145e-01,1.000000000000000000e+00,-9.630990000000000384e-01,1.000000000000000000e+00,8.282439999999999802e-01,6.170210000000000417e-01,8.921780000000000266e-01,5.000000000000000000e+01
-5.160040000000000182e-01,-9.975739999999999608e-01,-1.000000000000000000e+00,-1.539590000000000056e-02,1.000000000000000000e+00,-3.209879999999999955e-01,7.760110000000000618e-02,8.434599999999999875e-01,-5.937580000000000080e-01,-6.521740000000000315e-01,-6.603050000000000308e-01,-1.914889999999999926e-01,9.840640000000000498e-01,2.300000000000000000e+01
-8.283660000000000467e-01,-9.972769999999999690e-01,-1.000000000000000000e+00,-5.271259999999999835e-01,-1.000000000000000000e+00,-7.407409999999999828e-01,2.297369999999999968e-01,-1.000000000000000000e+00,-1.649829999999999908e-01,-8.260870000000000157e-01,-8.244270000000000209e-01,1.276599999999999957e-01,9.420549999999999757e-01,2.660000000000000142e+01
-7.444809999999999484e-01,-9.982889999999999819e-01,-4.000000000000000222e-01,-6.722869999999999679e-01,-1.000000000000000000e+00,-8.230450000000000266e-01,1.189879999999999965e-01,-6.786820000000000075e-01,-7.968609999999999582e-02,-5.652169999999999694e-01,-5.687020000000000408e-01,-1.489360000000000128e-01,9.117960000000000509e-01,2.369999999999999929e+01
-6.429359999999999520e-01,-9.992579999999999796e-01,-1.000000000000000000e+00,-7.837239999999999762e-01,-1.000000000000000000e+00,-5.720159999999999689e-01,8.986399999999999944e-02,4.624099999999999877e-01,-6.430810000000000137e-01,-9.130430000000000490e-01,-6.832059999999999800e-01,1.063830000000000053e-01,9.831060000000000354e-01,2.200000000000000000e+01
-2.108170000000000044e-01,-9.952600000000000335e-01,-1.000000000000000000e+00,-2.573309999999999764e-01,1.000000000000000000e+00,-5.720159999999999689e-01,-1.392990000000000061e-01,4.840370000000000089e-02,-5.411430000000000407e-01,-7.391299999999999537e-01,-6.564889999999999892e-01,2.765960000000000085e-01,9.699429999999999996e-01,2.239999999999999858e+01
-9.293599999999999639e-01,-9.987639999999999851e-01,-5.999999999999999778e-01,-7.895889999999999853e-01,1.000000000000000000e+00,-7.617279999999999607e-01,5.650509999999999700e-01,-3.604530000000000234e-02,-2.575540000000000052e-01,-6.521740000000000315e-01,-8.893130000000000202e-01,-5.106380000000000363e-01,8.999949999999999894e-01,4.600000000000000000e+01
-4.519870000000000276e-01,-8.956819999999999782e-01,-1.000000000000000000e+00,2.932549999999999879e-01,-1.000000000000000000e+00,-5.761320000000000330e-02,3.102130000000000165e-01,3.326470000000000260e-01,-7.447829999999999728e-01,1.000000000000000000e+00,8.282439999999999802e-01,6.170210000000000417e-01,8.879420000000000091e-01,2.980000000000000071e+01
-5.612580000000000346e-01,-9.987000000000000322e-01,-1.000000000000000000e+00,-5.967740000000000267e-01,-1.000000000000000000e+00,-5.308640000000000025e-01,-9.101360000000000006e-02,3.450050000000000061e-01,-5.943040000000000544e-01,-6.521740000000000315e-01,-6.488549999999999596e-01,4.042549999999999755e-01,1.000000000000000000e+00,1.889999999999999858e+01
-2.665560000000000151e-01,-7.509029999999999871e-01,-1.000000000000000000e+00,2.932549999999999879e-01,-1.000000000000000000e+00,3.703699999999999770e-01,9.216320000000000068e-02,1.000000000000000000e+00,-8.673629999999999951e-01,1.000000000000000000e+00,8.282439999999999802e-01,6.170210000000000417e-01,6.058799999999999741e-01,1.669999999999999929e+01
-2.902870000000000172e-01,-9.922220000000000484e-01,-1.000000000000000000e+00,5.711140000000000105e-01,-1.000000000000000000e+00,-1.646090000000000053e-02,1.086420000000000025e-01,9.670440000000000147e-01,-8.690179999999999572e-01,-7.391299999999999537e-01,-4.580150000000000193e-02,8.297870000000000523e-01,9.857780000000000431e-01,1.710000000000000142e+01
-8.399560000000000359e-01,-9.882969999999999811e-01,-1.000000000000000000e+00,-5.791789999999999994e-01,-1.000000000000000000e+00,-5.102879999999999638e-01,9.789229999999999876e-01,6.498460000000000347e-01,-6.790370000000000017e-01,-3.913039999999999852e-01,-5.419850000000000501e-01,2.127659999999999968e-02,9.248579999999999579e-01,5.000000000000000000e+01
-3.322300000000000253e-01,-9.809889999999999999e-01,-1.000000000000000000e+00,-4.369500000000000051e-01,-1.000000000000000000e+00,-3.703699999999999770e-01,-7.875070000000000681e-02,7.775490000000000457e-01,-4.757250000000000090e-01,-7.391299999999999537e-01,-5.419850000000000501e-01,7.872339999999999893e-01,9.779619999999999980e-01,1.960000000000000142e+01
-6.948119999999999852e-01,-9.881349999999999856e-01,-5.999999999999999778e-01,-7.426690000000000236e-01,-1.000000000000000000e+00,7.818930000000000324e-02,5.171489999999999698e-01,7.816680000000000295e-01,-8.162749999999999728e-01,-6.521740000000000315e-01,-7.061070000000000402e-01,-9.148939999999999850e-01,9.569819999999999993e-01,4.310000000000000142e+01
-4.254970000000000141e-01,-9.596729999999999983e-01,-1.000000000000000000e+00,4.017600000000000060e-01,-1.000000000000000000e+00,-9.465020000000000377e-02,-1.124740000000000045e-01,5.715759999999999730e-01,-7.642430000000000057e-01,-6.521740000000000315e-01,-1.755730000000000068e-01,-5.531909999999999883e-01,1.462499999999999911e-01,2.380000000000000071e+01
-5.849889999999999812e-01,-9.993440000000000101e-01,5.999999999999999778e-01,-7.668620000000000436e-01,-1.000000000000000000e+00,-9.711929999999999730e-01,-1.128569999999999990e-01,-6.663229999999999986e-01,4.714510000000000089e-01,-1.000000000000000000e+00,-5.114499999999999602e-01,-1.914889999999999926e-01,9.913260000000000405e-01,2.089999999999999858e+01
8.112579999999999791e-02,-9.007309999999999484e-01,-1.000000000000000000e+00,2.932549999999999879e-01,-1.000000000000000000e+00,-1.810700000000000087e-01,-6.418849999999999556e-02,8.867150000000000309e-01,-7.434370000000000145e-01,1.000000000000000000e+00,8.282439999999999802e-01,6.170210000000000417e-01,6.691209999999999658e-01,1.910000000000000142e+01
-2.213019999999999987e-01,-9.969719999999999693e-01,-1.000000000000000000e+00,-1.319649999999999990e-02,-1.000000000000000000e+00,-7.860080000000000400e-01,-1.458129999999999982e-01,1.349120000000000041e-01,-5.602490000000000248e-02,-7.391299999999999537e-01,-6.106869999999999798e-01,-2.765960000000000085e-01,1.000000000000000000e+00,2.030000000000000071e+01
-1.517660000000000120e-01,-9.963199999999999834e-01,-7.500000000000000000e-01,-4.567450000000000121e-01,-1.000000000000000000e+00,-4.279839999999999756e-01,-6.380529999999999535e-02,7.095780000000000420e-01,-6.538210000000000029e-03,-6.521740000000000315e-01,-5.267180000000000195e-01,-4.468090000000000117e-01,9.486109999999999820e-01,1.889999999999999858e+01
2.279249999999999887e-01,-9.916949999999999932e-01,-1.000000000000000000e+00,-2.573309999999999764e-01,1.000000000000000000e+00,-5.720159999999999689e-01,-2.937339999999999951e-01,7.651909999999999545e-01,-5.388880000000000337e-01,-7.391299999999999537e-01,-6.564889999999999892e-01,2.765960000000000085e-01,9.916279999999999539e-01,1.930000000000000071e+01
-1.490070000000000006e-01,-9.152820000000000400e-01,-1.000000000000000000e+00,2.932549999999999879e-01,-1.000000000000000000e+00,1.111110000000000014e-01,-8.373250000000000137e-02,6.848610000000000531e-01,-6.832019999999999760e-01,1.000000000000000000e+00,8.282439999999999802e-01,6.170210000000000417e-01,-8.906150000000000455e-01,1.900000000000000000e+01
-4.729579999999999895e-01,-9.838259999999999783e-01,-1.000000000000000000e+00,-4.369500000000000051e-01,-1.000000000000000000e+00,-3.703699999999999770e-01,-1.699559999999999960e-01,3.717820000000000014e-01,-5.149719999999999853e-01,-7.391299999999999537e-01,-5.419850000000000501e-01,7.872339999999999893e-01,9.699929999999999941e-01,1.819999999999999929e+01
-3.454749999999999766e-01,-9.938569999999999904e-01,-1.000000000000000000e+00,-3.233139999999999903e-01,-1.000000000000000000e+00,-1.769550000000000012e-01,-9.369610000000000438e-02,-1.822860000000000036e-01,-7.722809999999999953e-01,-5.652169999999999694e-01,-2.213739999999999875e-01,4.042549999999999755e-01,1.000000000000000000e+00,2.450000000000000000e+01
-7.135759999999999881e-01,-9.986490000000000089e-01,-1.000000000000000000e+00,-7.368040000000000145e-01,-1.000000000000000000e+00,-4.855970000000000009e-01,2.642269999999999897e-01,4.727089999999999903e-01,-6.752359999999999474e-01,-6.521740000000000315e-01,-5.839689999999999603e-01,-1.489360000000000128e-01,9.716069999999999984e-01,2.989999999999999858e+01
-6.799119999999999608e-01,-9.990329999999999488e-01,-3.400000000000000244e-01,-8.739000000000000101e-01,-1.000000000000000000e+00,-6.419749999999999623e-01,2.600109999999999921e-01,3.882599999999999940e-01,-6.266040000000000498e-01,-4.782609999999999917e-01,-8.664119999999999600e-01,2.340430000000000010e-01,1.000000000000000000e+00,2.819999999999999929e+01
-6.876379999999999715e-01,-9.681079999999999686e-01,-1.000000000000000000e+00,4.017600000000000060e-01,-1.000000000000000000e+00,1.000000000000000000e+00,1.301019999999999954e-01,1.000000000000000000e+00,-8.842759999999999510e-01,-6.521740000000000315e-01,-1.755730000000000068e-01,-5.531909999999999883e-01,8.356449999999999712e-01,2.330000000000000071e+01
-6.793599999999999639e-01,-9.957500000000000240e-01,-1.000000000000000000e+00,-2.412019999999999997e-01,-1.000000000000000000e+00,-8.847739999999999494e-01,2.854949999999999849e-02,-9.320289999999999964e-01,-2.438410000000000022e-01,-7.391299999999999537e-01,-5.496180000000000510e-01,4.042549999999999755e-01,9.004990000000000494e-01,2.339999999999999858e+01
-3.979030000000000067e-01,-9.408980000000000121e-01,-1.000000000000000000e+00,-3.079180000000000250e-01,-1.000000000000000000e+00,-3.456790000000000140e-01,-4.588999999999999746e-01,-2.811529999999999863e-01,-7.472379999999999578e-01,-7.391299999999999537e-01,-5.534350000000000103e-01,2.340430000000000010e-01,7.657469999999999555e-01,1.610000000000000142e+01
-1.467990000000000128e-01,-9.943170000000000064e-01,-1.000000000000000000e+00,5.711140000000000105e-01,-1.000000000000000000e+00,-1.646090000000000053e-02,-1.829850000000000088e-01,9.176109999999999545e-01,-8.802029999999999577e-01,-7.391299999999999537e-01,-4.580150000000000193e-02,8.297870000000000523e-01,9.758430000000000160e-01,1.619999999999999929e+01
-8.471300000000000496e-01,-9.997580000000000355e-01,8.000000000000000444e-01,-8.856300000000000283e-01,-1.000000000000000000e+00,-8.971189999999999998e-01,2.136419999999999986e-01,-3.161689999999999778e-01,1.000000000000000000e+00,-6.521740000000000315e-01,-1.000000000000000000e+00,-6.382980000000000598e-02,9.372639999999999860e-01,3.010000000000000142e+01
-6.622519999999999518e-01,-9.999379999999999935e-01,8.000000000000000444e-01,-8.159819999999999851e-01,-1.000000000000000000e+00,-9.382719999999999949e-01,3.516000000000000236e-01,-6.313079999999999803e-01,1.235350000000000059e-01,-1.000000000000000000e+00,-6.259540000000000104e-01,-4.255320000000000213e-01,9.890060000000000517e-01,3.220000000000000284e+01
-8.498900000000000343e-01,-9.997420000000000195e-01,9.000000000000000222e-01,-9.259530000000000260e-01,-1.000000000000000000e+00,-9.259260000000000268e-01,3.696110000000000229e-01,-7.734290000000000331e-01,1.864800000000000069e-01,-8.260870000000000157e-01,-1.793889999999999929e-01,-6.382980000000000598e-02,9.364569999999999839e-01,3.289999999999999858e+01
-7.146799999999999820e-01,-9.853809999999999514e-01,-5.999999999999999778e-01,-7.426690000000000236e-01,-1.000000000000000000e+00,7.818930000000000324e-02,2.573289999999999744e-01,1.000000000000000000e+00,-8.397550000000000292e-01,-6.521740000000000315e-01,-7.061070000000000402e-01,-9.148939999999999850e-01,9.749360000000000248e-01,3.010000000000000142e+01
2.593820000000000153e-02,-6.801190000000000291e-01,-1.000000000000000000e+00,2.932549999999999879e-01,-1.000000000000000000e+00,2.674900000000000055e-01,6.610459999999999947e-02,1.000000000000000000e+00,-9.191589999999999483e-01,1.000000000000000000e+00,8.282439999999999802e-01,6.170210000000000417e-01,1.000000000000000000e+00,7.200000000000000178e+00
-8.774830000000000130e-01,-9.926909999999999901e-01,-1.000000000000000000e+00,-5.791789999999999994e-01,-1.000000000000000000e+00,-4.979419999999999957e-01,7.957459999999999534e-01,3.903190000000000270e-01,-5.412709999999999466e-01,-3.913039999999999852e-01,-5.419850000000000501e-01,2.127659999999999968e-02,9.094759999999999511e-01,4.829999999999999716e+01
-9.210819999999999563e-01,-9.879919999999999813e-01,-5.999999999999999778e-01,-7.426690000000000236e-01,-1.000000000000000000e+00,-2.181069999999999953e-01,4.979879999999999862e-01,2.368690000000000032e-02,-6.831110000000000237e-01,-6.521740000000000315e-01,-7.061070000000000402e-01,-9.148939999999999850e-01,9.667149999999999910e-01,4.350000000000000000e+01
-4.503309999999999813e-01,-9.820980000000000265e-01,-1.000000000000000000e+00,-4.369500000000000051e-01,-1.000000000000000000e+00,-3.703699999999999770e-01,-2.738070000000000226e-01,-3.058699999999999752e-01,-5.149719999999999853e-01,-7.391299999999999537e-01,-5.419850000000000501e-01,7.872339999999999893e-01,4.557970000000000077e-01,2.019999999999999929e+01
2.334440000000000126e-01,-7.902080000000000215e-01,-1.000000000000000000e+00,2.932549999999999879e-01,-1.000000000000000000e+00,2.098770000000000080e-01,8.028359999999999663e-02,9.093719999999999581e-01,-8.474840000000000151e-01,1.000000000000000000e+00,8.282439999999999802e-01,6.170210000000000417e-01,-6.953960000000000141e-01,9.500000000000000000e+00
