  -0.13233   -0.28942   -0.35575   -0.22910   -0.50782    0.69823   -0.69146
   0.36722   -0.09219   -0.06481   -0.02739   -0.21883    0.03487   -0.42359
   0.04260   -0.17336   -0.23469   -0.09668   -0.36795    0.19699   -0.46952
   0.75528   -0.24692   -0.24396   -0.16952   -0.41707   -0.00321   -0.20462
   0.02484   -0.15035   -0.22407   -0.32686   -0.32347    0.67867   -1.11184
   0.01218   -0.28568   -0.36463   -0.23986   -0.45394    0.67218   -0.40369
   0.95898   -0.05079   -0.03935    0.00614   -0.14142   -0.26695   -0.45632
  -0.07274    0.15345    0.15372    0.21238    0.05721    0.41409   -0.63906
  -0.59065   -0.49654   -0.51886   -0.43523   -0.68570   -0.15473   -0.45979
   0.38263    0.17823    0.18936    0.23580    0.10390    0.47001   -0.60829
  -0.40088   -0.35049   -0.38213   -0.30625   -0.48140   -0.06540   -0.46350
   0.76887   -0.37537   -0.35000   -0.31110   -0.54306   -0.23364   -0.27798
   0.40009    0.30483    0.36478    0.37806    0.22097    0.90672   -0.32016
   0.50512   -0.16638   -0.14984   -0.10117   -0.32936   -0.66691   -0.36576
  -0.05209   -0.04144   -0.10554   -0.01510   -0.22021    0.66890   -0.99965
   0.54759   -0.64874   -0.58499   -0.58711   -0.82846   -0.66729   -0.05327
  -0.72109   -0.19578   -0.29970   -0.15242   -0.39786   -0.13526   -0.74075
  -0.28859    0.02095   -0.04084    0.07229   -0.11014    0.42655   -0.94545
   0.87468   -0.08384   -0.07879   -0.01895   -0.19790   -0.70523   -0.52721
   0.68650   -0.22812   -0.19751   -0.19166   -0.38197   -0.59964   -0.34975
   0.35135    0.23976    0.27531    0.31006    0.18254    0.74988   -0.62233
   0.59510    0.02788    0.05759    0.09254   -0.12159    0.94968   -0.44146
   0.17019   -0.24414   -0.21983   -0.17290   -0.36255   -0.48178   -0.46207
  -0.56092   -0.12628   -0.16925   -0.09323   -0.30457    0.48203   -0.72411
   0.47451    0.20733    0.24266    0.28414    0.16789    0.42416   -0.45976
   0.14577    0.26780    0.30638    0.31699    0.23598    0.65144   -0.85733
   0.97491   -0.10216   -0.08208   -0.03609   -0.23752   -0.68843   -0.46866
   0.16508    0.27433    0.25573    0.31877    0.19107    0.40211   -0.72667
  -0.00575    0.05972    0.06280    0.13694   -0.08120    0.05611   -0.55171
   0.48990    0.31478    0.32046    0.36703    0.26493    0.28841   -0.40648
   0.05002   -0.16684   -0.26281   -0.11221   -0.36044    0.61443   -0.73594
  -0.68400   -0.19608   -0.35563   -0.16852   -0.43200   -0.13563   -0.67633
   0.42667   -0.05114   -0.04934    0.00963   -0.15952    0.03747   -0.47140
  -0.14054    0.10338    0.09087    0.17235   -0.01098    0.58054   -0.66831
   0.32604   -0.37232   -0.34035   -0.30361   -0.53648   -0.20262   -0.39175
  -0.41223   -0.18474   -0.23710   -0.10466   -0.34650    0.13424   -0.48118
   0.84345    0.11069    0.13228    0.15440    0.03787   -0.16079   -0.34789
  -0.04215   -0.33005   -0.31783   -0.26589   -0.48666   -0.26672   -0.43281
   0.51569    0.13922    0.14783    0.21003    0.06757    0.44846   -0.47304
  -0.20404   -0.05103   -0.11644    0.00608   -0.20631    0.44599   -0.84700
  -0.20706   -0.00593   -0.07337    0.06284   -0.17019    0.30412   -0.83099
   0.36930    0.11971    0.13427    0.19056    0.04157    0.20431   -0.51243
  -0.37252    0.01811   -0.01516    0.09755   -0.11849    0.00299   -0.70472
   0.09001    0.35813    0.35860    0.35983    0.28233    0.40482   -0.75303
  -0.39046    0.20558    0.18597    0.23033    0.07240   -0.38546   -0.81516
  -0.18055   -0.20111   -0.27951   -0.12318   -0.41219    0.42137   -0.71466
   0.01931    0.06397    0.02151    0.06625   -0.05658    0.65445   -0.80252
  -0.10215    0.11543    0.05456    0.12128   -0.03952    0.20719   -0.87687
   0.64357   -0.09919   -0.08096   -0.05520   -0.25450    0.82210   -0.54957
   0.70894   -0.44428   -0.40330   -0.38719   -0.59052   -0.34320   -0.19060
   0.08956    0.07939    0.04929    0.04179   -0.04524    0.61583   -0.79603
   0.87493    0.01682    0.04045    0.09174   -0.08802   -0.96309   -0.50579
  -0.09997    0.42594    0.43291    0.45083    0.36557    0.61002   -0.74910
  -0.87885   -0.09679   -0.13367   -0.05645   -0.22929    0.52091   -0.80405
   0.29950   -0.55110   -0.49670   -0.49706   -0.75260   -0.18155   -0.27701
   0.02914   -0.30242   -0.29472   -0.22531   -0.47189   -0.23444   -0.35727
  -0.44458   -0.20892   -0.24763   -0.12852   -0.38127   -0.07737   -0.68454
  -0.02236   -0.15384   -0.26550   -0.09595   -0.36660    0.36035   -0.41511
   0.09358   -0.05178   -0.07004    0.03014   -0.15581    0.23142   -0.38194
   0.68240    0.09568    0.09593    0.16024   -0.02596    0.16381   -0.47774
  -0.37073    0.38365    0.37168    0.43843    0.31832    0.07206   -0.67862
  -0.58268    0.52997    0.50503    0.49242    0.45045    0.21154   -0.74847
   0.33355    0.13940    0.15204    0.19607    0.04953    0.20156   -0.54304
  -0.28240   -0.30729   -0.32598   -0.24184   -0.46940   -0.11641   -0.48491
   0.04686    0.37783    0.34745    0.36352    0.28747    0.65155   -0.66978
  -0.33351    0.75435    0.76876    0.76707    0.72338   -0.73656   -0.65938
   0.18730    0.61280    0.60569    0.64216    0.57500    0.40192   -0.56376
   0.03215   -0.20135   -0.25110   -0.12396   -0.37438    0.27659   -0.58324
  -0.19301    0.10265    0.04610    0.16089   -0.02510    0.53746   -0.88495
   0.05187   -0.24316   -0.34181   -0.18635   -0.46772    0.43102   -0.67482
  -0.56924    0.02831    0.01377    0.08855   -0.10623    0.46962   -0.73472
   0.33942    0.18726    0.17662    0.25974    0.07036    0.61624   -0.73626
   0.27883    0.43147    0.43451    0.45870    0.37911    0.74959   -0.57910
   0.51082    0.48723    0.49279    0.54890    0.43586    0.36640   -0.41703
  -0.10867   -0.32192   -0.32424   -0.25077   -0.45993   -0.13363   -0.46377
   0.44492    0.13223    0.13797    0.18239    0.01615    0.78734   -0.50017
   0.21261   -0.03609   -0.04189    0.03020   -0.18011    0.47489   -0.65424
   0.21057    0.24349    0.23989    0.28854    0.17333    0.65430   -0.72164
  -0.32042   -0.25288   -0.27636   -0.17941   -0.39115    0.02477   -0.65541
   0.31078    0.02166    0.01536    0.07016   -0.10655    0.43293   -0.65776
  -0.03308    0.09187    0.04297    0.12429    0.00364    0.58325   -0.68968
   0.12812   -0.16555   -0.26470   -0.09894   -0.37553    0.54699   -0.73020
  -0.48817    0.02659   -0.03064    0.07202   -0.12836    0.42924   -0.97544
  -0.56366    0.10399    0.01804    0.15300   -0.01958    0.12395   -0.51588
   0.85442   -0.68888   -0.64929   -0.64155   -0.88356   -0.43595   -0.27068
   0.51308   -0.12145   -0.10831   -0.04787   -0.25388    0.12727   -0.34972
   0.29349    0.06410    0.04135    0.06987   -0.07926    0.18518   -0.70896
  -0.52215   -0.07844   -0.09845    0.00476   -0.22902   -0.08000   -0.52422
   0.15727    0.06645    0.05458    0.15157   -0.05174    0.33327   -0.55189
  -0.31116    0.14155    0.09455    0.16873   -0.00677    0.17564   -0.81913
  -0.09020    0.00742   -0.02310    0.06100   -0.16733    0.03253   -0.64802
  -0.14952   -0.02747   -0.07004    0.02683   -0.18561    0.31382   -0.85932
   0.96114   -0.11341   -0.13260   -0.05591   -0.28471   -0.06368   -0.46342
   0.20044   -0.09853   -0.11126   -0.03321   -0.25112    0.19547   -0.52041
   0.02625   -0.02096   -0.02898    0.00582   -0.12001    0.56035   -0.67590
   0.65301   -0.13216   -0.13867   -0.06617   -0.29386    0.00200   -0.29084
   0.34419    0.16353    0.17465    0.21825    0.05697    0.72709   -0.83906
  -0.32589   -0.16149   -0.24644   -0.11486   -0.38237    0.25962   -0.41793
   0.43696   -0.26515   -0.26927   -0.23937   -0.44310   -0.02227   -0.69823
   0.24013   -0.15468   -0.13426   -0.08828   -0.30737    0.01264   -0.49869
   0.06379    0.19073    0.18002    0.24734    0.09163    0.31199   -0.66983
  -0.15593   -0.14298   -0.21421   -0.07320   -0.32986    0.40284   -0.63429
   0.58831   -0.54042   -0.51343   -0.46354   -0.74038   -0.16835   -0.10623
   0.20402   -0.03536   -0.03710    0.04023   -0.15159    0.25117   -0.44700
  -0.38971   -0.14404   -0.24789   -0.10978   -0.33954    0.41972   -0.84877
  -0.02058   -0.24532   -0.22040   -0.15871   -0.37273   -0.08489   -0.37310
   0.48147    0.12389    0.15187    0.18208    0.01989   -0.90875   -0.48001
  -0.46796    0.08399    0.07050    0.09029   -0.06180    0.36410   -0.96852
   0.19995   -0.04176    0.03011    0.03705   -0.05391   -0.31828   -0.34887
  -0.11757   -0.13469   -0.15245   -0.04869   -0.32890    0.12013   -0.44259
   0.94669   -0.24539   -0.23791   -0.18101   -0.40914   -0.22769   -0.38793
   0.26306   -0.25052   -0.22876   -0.17307   -0.42670    0.02496   -0.47664
   0.49564    0.20158    0.21797    0.25371    0.10787    0.65790   -0.58536
   0.16851    0.06963    0.07305    0.12355   -0.01127    0.39528   -0.77048
  -0.46992    0.04756    0.02989    0.10482   -0.08995    0.35079   -0.70191
  -0.08848   -0.00363   -0.08179    0.05065   -0.19565    0.45213   -0.79885
   0.78339   -0.14495   -0.12662   -0.09306   -0.27235   -0.34123   -0.46412
   0.71856   -0.32591   -0.31336   -0.25367   -0.49228   -0.23183   -0.24025
   0.62051   -0.10350   -0.11248   -0.01829   -0.27972    0.41644   -0.36034
   0.25297   -0.28328   -0.25320   -0.24727   -0.38346   -0.43374   -0.48076
   0.12381   -0.11552   -0.16176   -0.07724   -0.28153    0.40932   -0.65790
  -0.16633    0.07713    0.02296    0.13700   -0.06726    0.57129   -1.01004
   0.33011   -0.67684   -0.62424   -0.66401   -0.84705   -0.47987   -0.14133
  -0.28903    0.04870   -0.02544    0.03009   -0.12643    0.19860   -0.68790
   0.67983    0.01352    0.01303    0.09043   -0.11767    0.44939   -0.48051
   0.31793   -0.01063   -0.00286    0.06347   -0.11659    0.38799   -0.48990
   0.38330   -0.30883   -0.30723   -0.22922   -0.48179    0.58932   -0.54684
  -0.15361    0.14745    0.10963    0.19547    0.02702    0.39068   -0.86260
  -0.19918   -0.03694   -0.10138    0.02986   -0.21277    0.26144   -0.72498
  -0.01990   -0.13103   -0.27108   -0.07836   -0.37403    0.40402   -0.63232
   0.36727   -0.15151   -0.11644   -0.08336   -0.28485    0.06729   -0.33017
   0.50746   -0.22403   -0.24743   -0.16827   -0.43310   -0.06936   -0.33990
   0.36597    0.37946    0.38911    0.44370    0.31985    0.53567   -0.61331
  -0.39026   -0.04670   -0.10943   -0.44826   -0.23302    0.39322   -3.05705
   0.18230    0.54202    0.59623    0.58229    0.58244    0.66109   -0.46742
  -0.35714   -0.16315   -0.20225   -0.10996   -0.28875   -0.23736   -0.82697
  -0.29730   -0.20522   -0.27998   -0.14241   -0.42125    0.21194   -0.44731
   0.59236   -0.01966    0.02144    0.06542   -0.17162    0.93234   -0.26529
   0.88401   -0.40189   -0.37918   -0.34002   -0.53877   -0.06354   -0.16751
  -0.12318   -0.25192   -0.31117   -0.18461   -0.41425    0.39244   -0.78901
   0.34152   -0.09279   -0.09625   -0.05547   -0.23124    0.68025   -0.70764
   0.51572   -0.14844   -0.12938   -0.09093   -0.28081    0.04381   -0.41889
  -0.53974   -0.17257   -0.22587   -0.08206   -0.33418    0.02675   -0.63749
   0.21501   -0.21332   -0.21548   -0.13962   -0.35309    0.15513   -0.42270
   0.29900    0.06082    0.05870    0.12368   -0.01381    0.54182   -0.56914
  -0.07124   -0.15095   -0.20379   -0.11002   -0.32407    0.68236   -0.89385
   0.78009    0.09672    0.11859    0.12429   -0.01267   -0.79684   -0.62771
   0.10549    0.01861   -0.01036    0.06879   -0.10531    0.72897   -0.80993
  -0.64272   -0.05055   -0.10275    0.01228   -0.20824   -0.11269   -0.68526
  -0.42189   -0.15912   -0.23389   -0.13623   -0.36881    0.17681   -0.70409
   0.14571   -0.13298   -0.18482   -0.06832   -0.33139    0.53651   -0.43388
  -0.27832    0.75705    0.78329    0.78843    0.76613   -0.77208   -0.58974
  -0.12557   -0.11302   -0.18612   -0.09384   -0.28447    0.64415   -0.77082
   0.08834    0.32217    0.31760    0.37125    0.24633    0.29447   -0.56442
   0.17585   -0.05186   -0.08004    0.02387   -0.18261    0.17515   -0.50952
   0.24841    0.30782    0.29190    0.36454    0.19009    0.57474   -0.84731
  -0.19649   -0.18622   -0.23194   -0.11983   -0.34973    0.42979   -0.80486
   0.65945   -0.33368   -0.31384   -0.26546   -0.49328    0.79933   -0.36694
  -0.35710   -0.11431   -0.14946   -0.05253   -0.24980    0.38905   -0.79767
   0.02472    0.16829    0.18945    0.23062    0.09888    0.55954   -0.54168
  -0.47092    0.12296    0.08094    0.05498   -0.04064   -0.06634   -1.42260
   0.72651   -0.51431   -0.50332   -0.46022   -0.71285   -0.26767   -0.19355
   0.17182   -0.13759   -0.10789   -0.06794   -0.24977   -0.82206   -0.56900
  -0.38541   -0.06843   -0.09797    0.00710   -0.25273    0.24026   -0.57895
   0.01159   -0.16488   -0.25279   -0.09169   -0.37353    0.19282   -0.41921
  -0.10841   -0.12624   -0.11635   -0.05266   -0.25394    0.71328   -0.60349
  -0.01887   -0.12618   -0.20608   -0.06381   -0.30967    0.34368   -0.66578
  -0.38284   -0.17745   -0.24031   -0.13820   -0.34233    0.44467   -0.80821
  -0.00007    0.06859   -0.01292    0.13506   -0.06406    0.46974   -0.83854
   0.13153   -0.08027   -0.10310   -0.00093   -0.24317    0.33291   -0.43819
   0.27409    0.27115    0.25720    0.31628    0.17446    0.37166   -0.57903
   0.88971   -0.14503   -0.11425   -0.07026   -0.23607    0.16009   -0.28829
  -0.38711   -0.01643   -0.06359   -0.00257   -0.22601    0.36126   -0.76885
   0.29205    0.54899    0.55401    0.57884    0.51279    0.75983   -0.60466
  -0.59240   -0.17869   -0.16026   -0.11117   -0.29521   -0.09833   -0.41030
  -0.60563    0.12569    0.07199    0.16965    0.03183    0.14606   -0.51233
   0.35813   -0.34855   -0.33780   -0.28253   -0.56379   -0.10785   -0.41255
  -0.22117   -0.21939   -0.29654   -0.15189   -0.38425    0.43869   -0.75648
   0.18997    0.01845    0.00794    0.09530   -0.09698    0.22755   -0.39963
   0.12704   -0.29686   -0.25756   -0.22588   -0.41812   -0.17612   -0.49557
  -0.10945    0.01996   -0.02409    0.08699   -0.13708    0.35829   -0.85044
   0.10871   -0.19248   -0.18524   -0.13700   -0.30840    0.66285   -0.75638
   0.06572   -0.52097   -0.50758   -0.45020   -0.70852   -0.44514   -0.33227
   0.01782   -0.38172   -0.34362   -0.32686   -0.54944   -0.39323   -0.26398
  -0.05150    0.03659   -0.02902    0.06274   -0.12484    0.61868   -0.95628
   0.22169   -0.11369   -0.09120   -0.04054   -0.23727    0.05362   -0.47435
  -0.07907    0.30593    0.29542    0.30850    0.21025    0.60209   -0.86725
   0.41504    0.11835    0.13774    0.18215    0.03054    0.19024   -0.46415
   0.08122   -0.25104   -0.31126   -0.18200   -0.41795    0.67805   -0.71945
  -0.13294    0.11082    0.05415    0.17337   -0.03175    0.49453   -0.81830
   0.05359   -0.22603   -0.25151   -0.14895   -0.39416    0.68573   -0.56592
   0.82988    0.01136    0.01684    0.01589   -0.12288   -0.73423   -0.39466
   0.92313   -0.29868   -0.28408   -0.22992   -0.48134   -0.08005   -0.41480
   0.31922    0.05981    0.07989    0.13021   -0.03771    0.33816   -0.45988
   0.78896    0.02429    0.04940    0.07492   -0.07917   -0.73565   -0.41104
   0.75039   -0.11419   -0.09552   -0.06227   -0.22870   -0.87846   -0.55807
  -0.13205   -0.01390   -0.01541    0.06359   -0.10137   -0.17289   -0.63738
  -0.13804    0.46633    0.45235    0.50041    0.40281   -0.80555   -0.82486
   0.15839   -0.06530   -0.01709   -0.04324   -0.09402    0.65778   -0.58847
   0.38908    0.05857    0.09695    0.11624   -0.05760   -0.94006   -0.54078
   0.36814    0.24515    0.23995    0.30858    0.17208    0.24850   -0.53003
   0.31810   -0.03722   -0.02266    0.03949   -0.14789    0.31986   -0.44020
  -0.53641   -0.05129   -0.08187    0.03248   -0.22146    0.34437   -0.51262
   6.00000    1.00000    2.00000    3.00000    4.00000    5.00000    0.00000
   0.01191   -0.07990   -0.19259   -0.00940   -0.23799    0.47929   -0.50827
   0.63436   -0.22907   -0.19896   -0.16852   -0.36679   -0.81537   -0.32415
  -0.22667   -0.14791   -0.17070   -0.07429   -0.30050    0.12351   -0.54511
   0.16305   -0.47924   -0.44400   -0.41168   -0.66902   -0.20608   -0.32719
   0.32808    0.08516    0.11459    0.13862   -0.00477   -0.09122   -0.62415
   0.35367   -0.21694   -0.19206   -0.15604   -0.36145   -0.07454   -0.51703
   0.08392    0.04798    0.01418    0.12747   -0.06797    0.36118   -0.76767
   0.26638    0.10811    0.10980    0.17619   -0.00146    0.39907   -0.54526
   0.16417   -0.20279   -0.17867   -0.12175   -0.32128   -0.10054   -0.41258
   0.41680   -0.61462   -0.56520   -0.55057   -0.78986   -0.16470   -0.51974
   0.14406   -0.23004   -0.27520   -0.17307   -0.43633    0.58510   -0.49686
  -0.50954   -0.21737   -0.28142   -0.15488   -0.40918    0.39042   -0.74427
  -0.11772    0.03529    0.00543    0.10355   -0.11732    0.05912   -0.67160
  -0.28623   -0.17783   -0.27919   -0.11989   -0.37932    0.45046   -0.76820
   0.78341   -0.06549   -0.09028   -0.03869   -0.20605   -0.03643   -0.43338
   0.19637    0.11162    0.16898    0.18191    0.01922   -0.87765   -0.38589
  -0.12643    0.04046    0.02145    0.09687   -0.07930    0.59158   -0.89916
  -0.25343    0.01403   -0.01375    0.07151   -0.15757   -0.01183   -0.75120
  -0.16730    0.09290    0.03631    0.13955   -0.07677    0.61997   -0.68303
  -0.04805    0.02773   -0.06042    0.08891   -0.15328    0.41588   -0.84004
   0.99449   -0.24249   -0.23395   -0.17358   -0.38917   -0.08983   -0.30086
   0.26596    0.05407    0.07642    0.11586   -0.07388   -0.92948   -0.59532
   0.38226    0.24601    0.26431    0.30825    0.20537    0.31259   -0.55633
  -0.25484   -0.24404   -0.26838   -0.16769   -0.39749   -0.04693   -0.54948
   0.08858   -0.09352   -0.16274   -0.03445   -0.24727    0.65601   -0.87145
  -0.01537   -0.16386   -0.18626   -0.08461   -0.30961    0.01058   -0.62199
  -0.38545   -0.29152   -0.39935   -0.25090   -0.47785    0.47174   -0.71315
  -0.20257    0.16908    0.16593    0.22823    0.04788    0.09770   -0.58232
   0.07427   -0.09859   -0.09162   -0.03144   -0.24137    0.03777   -0.50905
   0.45635   -0.11131   -0.09957   -0.05574   -0.22820   -0.02272   -0.70959
   0.63116   -0.02325   -0.00945    0.02259   -0.17588    0.84144   -0.54912
  -0.84506   -0.28261   -0.29908   -0.22093   -0.49008    0.52044   -0.58704
   0.09650   -0.27297   -0.39367   -0.20849   -0.49481    0.45291   -0.70468
  -0.16662   -0.07048   -0.07947    0.00386   -0.19900   -0.05371   -0.62026
  -0.02902    0.05370    0.06019    0.12867   -0.05253   -0.01681   -0.67487
  -0.27283   -0.17425   -0.14500   -0.11184   -0.31004   -0.33683   -0.58152
  -0.06130   -0.11661   -0.17893   -0.05156   -0.26919    0.35192   -0.67223
  -0.09675    0.14221    0.10004    0.18387    0.01040    0.18679   -0.75834
   0.00117   -0.20151   -0.30863   -0.13645   -0.42266    0.36349   -0.59947
   0.28897   -0.03278   -0.01584    0.03670   -0.15683    0.16782   -0.49017
   0.21688    0.04140    0.04278    0.11321   -0.06147    0.23461   -0.48798
   0.35202    0.38718    0.41892    0.42032    0.35844    0.77334   -0.53504
  -0.11520    0.14860    0.13757    0.21345    0.02274    0.01909   -0.61288
  -0.28346   -0.76655   -0.74684   -0.84767   -0.96680   -0.15302   -0.34687
   0.01651    0.15988    0.08809    0.14099    0.00445    0.54841   -1.06958
   0.15777   -0.12196   -0.12097   -0.05462   -0.26889    0.10974   -0.42870
  -0.19692    0.20845    0.13783    0.24625    0.05176    0.59388   -0.97325
   0.96644   -0.27073   -0.25314   -0.24134   -0.44326   -0.46068   -0.42715
   0.00338   -0.24965   -0.26935   -0.20653   -0.42966    0.27697   -0.71449
  -0.25496    0.18581    0.14152    0.14812    0.05337    0.44345   -1.07658
   0.45445   -0.04318   -0.03439    0.02563   -0.15346    0.20169   -0.59766
  -0.41819   -0.12602   -0.16197   -0.04830   -0.31349    0.22673   -0.48332
  -0.35735   -0.46347   -0.55551   -0.45216   -0.66112    0.17420   -0.48296
   0.21547   -0.08161   -0.07337   -0.03397   -0.22570    0.02139   -0.55192
  -0.37927    0.27266    0.25304    0.31996    0.17339    0.13297   -0.69426
   0.23726   -0.20429   -0.20457   -0.14076   -0.36947    0.02728   -0.58071
   0.16990   -0.20655   -0.18348   -0.13700   -0.31771   -0.52174   -0.36012
   0.31049   -0.16040   -0.11610   -0.10413   -0.29832   -0.96073   -0.42558
   0.29979   -0.33005   -0.29291   -0.25648   -0.50242   -0.20395   -0.45025
  -0.18834   -0.33027   -0.36057   -0.25221   -0.51199   -0.13863   -0.67958
   0.57732   -0.14712   -0.12904   -0.07529   -0.31060   -0.57879   -0.27637
   0.33208   -0.06875   -0.03927   -0.00073   -0.18552   -0.00774   -0.59279
  -0.32925   -0.00119   -0.02837    0.07404   -0.13771    0.05560   -0.65791
   0.48357    0.29949    0.29706    0.32821    0.19520    0.79145   -0.45559
  -0.16945   -0.47335   -0.44481   -0.40762   -0.61501   -0.19190   -0.33244
   0.06555   -0.18496   -0.23835   -0.13203   -0.36056    0.37959   -0.55520
   0.22055   -0.39302   -0.33835   -0.34477   -0.53529   -0.86822   -0.30170
  -0.44676   -0.02334   -0.06640    0.04425   -0.17737    0.28555   -0.53541
   0.36745   -0.00987   -0.00427    0.05649   -0.11042    0.41863   -0.53582
   0.33617    0.03085    0.02030    0.05649   -0.11762    0.66603   -0.87618
   0.26496    0.33808    0.33721    0.35267    0.22705   -0.55633   -0.45969
   0.17120   -0.17101   -0.19337   -0.09196   -0.30503    0.27448   -0.35466
  -0.43094    0.24126    0.22257    0.29092    0.18127   -0.23392   -0.78763
   0.59187    0.19378    0.19481    0.24440    0.06653    0.70172   -0.61128
   0.37708   -0.27159   -0.27290   -0.20643   -0.46002    0.68578   -0.45389
  -0.51463   -0.13683   -0.20525   -0.24882   -0.38432    0.15883   -0.95570
   0.63428    0.16766    0.17982    0.16423    0.06445   -0.97168   -0.42497
  -0.38978    0.14751    0.13249    0.15382    0.04798    0.53785   -1.03944
  -0.39459   -0.09768   -0.13412   -0.02636   -0.26924    0.11890   -0.44296
   0.03053   -0.22451   -0.29706   -0.16481   -0.39547    0.63379   -0.47294
  -0.34831    0.00562   -0.04827    0.08075   -0.15384    0.32502   -0.62314
   0.36375    0.00447    0.01471    0.05789   -0.06648    0.26466   -0.47654
  -0.27386    0.56353    0.57326    0.62142    0.51197   -0.70849   -0.67712
   0.10456    0.11744    0.11633    0.14926    0.02359    0.68493   -0.91029
  -0.11609   -0.20470   -0.29463   -0.15745   -0.40662    0.37841   -0.61487
   0.53536    0.37120    0.37132    0.42031    0.29182    0.60495   -0.64084
   0.14487   -0.18283   -0.22965   -0.12448   -0.35171    0.40846   -0.66148
   0.29011    0.43460    0.41796    0.49438    0.36315    0.70619   -0.77671
   0.18544   -0.05171   -0.07767   -0.05364   -0.16517    0.62681   -0.85358
   0.31002    0.21261    0.19156    0.25414    0.09141    0.59459   -0.76807
  -0.30459    0.09740    0.09734    0.15411   -0.03111   -0.30197   -0.64851
   0.22503   -0.01269   -0.02825    0.04871   -0.13750    0.37950   -0.58827
  -0.35651   -0.03154   -0.05413    0.03353   -0.15108   -0.08428   -0.71829
  -0.21798   -0.00769   -0.09597    0.01277   -0.19214    0.58438   -0.91017
  -0.41935   -0.23561   -0.30024   -0.18298   -0.42166    0.16212   -0.38868
   0.18430    0.23793    0.21168    0.22685    0.11129    0.33192   -0.74951
   0.29263   -0.38303   -0.37195   -0.35769   -0.53022   -0.79418   -0.65011
   0.04873   -0.15933   -0.21720   -0.08572   -0.33820    0.36107   -0.69796
  -0.32838    0.11146    0.10996    0.17365    0.00249    0.54806   -0.74628
  -0.22990    0.07311    0.06800    0.14031   -0.04149   -0.04828   -0.65726
   0.25229    0.42903    0.45578    0.47398    0.39986    0.71240   -0.63548
   0.59495    0.00041    0.00491    0.04443   -0.14644    0.80457   -0.58088
   0.67845   -0.02416   -0.00960    0.05070   -0.13517    0.31473   -0.33221
   0.36432    0.27295    0.29661    0.33110    0.19334   -0.56508   -0.41591
   0.36317   -0.05885   -0.08729    0.01479   -0.20019    0.32753   -0.49500
   0.20621   -0.16867   -0.13180   -0.08737   -0.30574    0.00431   -0.46926
  -0.10664    0.20717    0.15373    0.28195    0.09522    0.56918   -0.76139
  -0.35729   -0.09308   -0.13339   -0.01737   -0.22670   -0.13997   -0.74312
   0.59108   -0.08510   -0.08403   -0.00257   -0.24300    0.37408   -0.45842
   0.22339   -0.12366   -0.07646   -0.11282   -0.18867   -0.38091   -0.58273
   0.62681   -0.22929   -0.23487   -0.15784   -0.42287   -0.01242   -0.33664
  -0.31878    0.19378    0.17496    0.24002    0.07800    0.56410   -0.97507
  -0.03550   -0.23732   -0.33780   -0.16702   -0.46155    0.36654   -0.69315
   0.48967   -0.15230   -0.12410   -0.08774   -0.26651    0.06066   -0.40902
   0.81219   -0.13683   -0.12870   -0.05288   -0.32810    0.08853   -0.23264
   0.27040   -0.40583   -0.39657   -0.34499   -0.58019   -0.20381   -0.42720
  -0.37870    0.22003    0.21863    0.26787    0.13721    0.03919   -0.72590
  -0.08426   -0.00176   -0.06320    0.07247   -0.16346    0.26379   -0.61156
   0.11356   -0.19042   -0.23555   -0.13223   -0.36120    0.56207   -0.50011
   0.22503   -0.06468   -0.06169    0.00046   -0.16017   -0.51794   -0.46767
  -0.24406   -0.40558   -0.46151   -0.34942   -0.53954   -0.15382   -0.53702
   0.34222   -0.14142   -0.12652   -0.08716   -0.26936    0.01066   -0.59904
   0.63850   -0.31913   -0.30086   -0.25974   -0.51579   -0.10895   -0.13410
   0.63024   -0.22039   -0.21367   -0.15419   -0.39604   -0.73681   -0.28172
  -0.44771   -0.16486   -0.23629   -0.09406   -0.34281    0.14392   -0.40347
   0.24653   -0.22301   -0.20893   -0.15342   -0.39270    0.05353   -0.43280
   0.03341    0.08157   -0.02199    0.14499   -0.07404    0.50413   -0.85160
  -0.02723   -0.09578   -0.17693   -0.02072   -0.26807    0.51895   -0.61964
  -0.28358   -0.22864   -0.28432   -0.19062   -0.39108   -0.18995   -0.72679
  -0.11465    0.10186    0.06893    0.15598   -0.01963    0.31238   -0.88954
   0.28356    0.50020    0.52220    0.55663    0.46342    0.73525   -0.61915
  -0.09911   -0.11506   -0.19148   -0.05021   -0.29652    0.29833   -0.73683
   0.62349   -0.25801   -0.24585   -0.18903   -0.45841   -0.05545   -0.25809
   0.46332   -0.09052   -0.08390   -0.02393   -0.21849    0.16083   -0.47461
   0.32899   -0.20867   -0.17113   -0.16093   -0.33820   -0.07422   -0.41795
  -0.09421   -0.08999   -0.16827   -0.04371   -0.28840    0.46656   -0.74383
   0.26362   -0.24169   -0.19386   -0.21089   -0.34682   -0.36023   -0.43852
  -0.16677   -0.09336   -0.13057   -0.03175   -0.28079    0.08877   -0.54682
   0.91687   -0.27289   -0.24723   -0.21057   -0.42171   -0.57623   -0.24116
   0.02093    0.02654    0.05550    0.05373   -0.05924    0.68812   -0.68412
   0.19001   -0.11947   -0.08731   -0.03832   -0.24013    0.01901   -0.53203
   0.65513   -0.29709   -0.24286   -0.24284   -0.43348   -0.69374   -0.19185
  -0.07128    0.38728    0.37811    0.43119    0.31805    0.55327   -0.74923
   0.56551    0.23775    0.25814    0.28371    0.15692   -0.03059   -0.41544
  -0.63957   -0.03675   -0.08617    0.00376   -0.16008    0.22743   -0.51704
   0.09979   -0.03558   -0.04991   -0.00513   -0.13456    0.59547   -0.76370
   0.95073   -0.28539   -0.30779   -0.22588   -0.45859   -0.14337   -0.34783
   0.17932   -0.04013   -0.05746    0.03104   -0.17685    0.37654   -0.48300
  -0.42012   -0.01875   -0.06685    0.04825   -0.16883   -0.04281   -0.73763
  -0.44265    0.05098    0.00885    0.09244   -0.10825    0.09979   -0.66368
   0.59296    0.15523    0.17588    0.19576    0.05449   -0.24373   -0.55741
   0.62614   -0.45227   -0.43292   -0.39053   -0.60212   -0.17055   -0.25123
  -0.01354    0.10235    0.11782    0.17599    0.00846   -0.04322   -0.49610
  -0.25252   -0.45706   -0.48697   -0.38969   -0.63118   -0.13627   -0.50837
   0.76154    0.02547    0.05484    0.07362   -0.06846   -0.98168   -0.46873
   0.61262   -0.04701   -0.02550    0.01013   -0.08503   -0.34012   -0.73315
   0.84360   -0.19795   -0.17835   -0.11548   -0.35656    0.23485   -0.27164
   0.02746   -0.11928   -0.19631   -0.08952   -0.31928    0.70626   -0.81105
  -0.44049   -0.06006   -0.11438   -0.00681   -0.24263    0.32630   -0.57318
   0.74848   -0.35178   -0.34069   -0.27521   -0.53396    0.26565   -0.25680
  -0.02568    0.12053    0.05326    0.19181   -0.00115    0.56643   -0.82535
   0.67470   -0.06151   -0.05029   -0.00982   -0.19781   -0.04446   -0.38796
   0.47939    0.63723    0.66575    0.70594    0.66197    0.44282   -0.44343
   0.87155    0.18195    0.20370    0.22319    0.09135   -0.54509   -0.57269
   0.16051    0.32617    0.37867    0.29391    0.32844    0.66471   -0.64652
  -0.35059    0.01965   -0.03352    0.08328   -0.14140    0.14554   -0.62419
  -0.16212    0.47831    0.49800    0.52036    0.41489   -0.37973   -0.63853
   0.77833   -0.12371   -0.10759   -0.03828   -0.29443    0.26161   -0.29769
  -0.16493    0.05180    0.03734    0.12653   -0.06687   -0.06948   -0.68373
   0.74103   -0.30359   -0.31069   -0.24209   -0.49735   -0.05940   -0.24209
   0.02912   -0.18632   -0.25714   -0.10602   -0.39647    0.20813   -0.36407
  -0.45152   -0.38413   -0.46759   -0.35420   -0.61461    0.38598   -0.67649
  -0.05347   -0.24737   -0.35406   -0.24830   -0.44490    0.22704   -0.71304
   0.18058   -0.31210   -0.24842   -0.24473   -0.42952   -0.34594   -0.28750
  -0.16977   -0.33944   -0.36272   -0.27883   -0.50507   -0.17278   -0.50583
   0.22456   -0.12152   -0.12632   -0.06274   -0.24009    0.25797   -0.53703
   0.24057   -0.22713   -0.19163   -0.14430   -0.39733   -0.06112   -0.35110
   0.23731   -0.34855   -0.32191   -0.27762   -0.50946   -0.18205   -0.36014
  -0.04888   -0.06347   -0.13971   -0.01979   -0.23836    0.58583   -0.92474
  -0.12462    0.00029   -0.04368    0.07162   -0.16964    0.04116   -0.61379
   0.08980   -0.21109   -0.22971   -0.13905   -0.40469    0.07580   -0.41884
  -0.55273   -0.19090   -0.22171   -0.13491   -0.37995    0.42471   -0.54785
  -0.45060   -0.12055   -0.18097   -0.04187   -0.30790    0.22494   -0.48411
   0.02555    0.23265    0.21559    0.26657    0.12919    0.56381   -0.77436
   0.06187   -0.10232   -0.16655   -0.02716   -0.26836    0.21515   -0.42244
  -0.15381    0.01746   -0.02153    0.07393   -0.13126    0.34697   -0.72339
  -1.00000    0.16043    0.18632    0.19696    0.06504    0.52171   -0.84366
   0.90636   -0.37460   -0.38002   -0.31128   -0.54581   -0.10527   -0.31259
   0.01971   -0.17625   -0.27824   -0.11215   -0.37460    0.32635   -0.55749
  -0.25098    0.01729   -0.06266    0.07797   -0.13657    0.37930   -0.98118
   0.02273    0.01145   -0.08548    0.05988   -0.14397    0.44842   -0.75736
  -0.21502    0.01146   -0.06157    0.01818   -0.16978    0.17902   -0.68495
  -0.16759    0.15147    0.11488    0.20920    0.04714    0.54351   -0.89591
  -0.40065    0.33932    0.33858    0.37502    0.25289    0.34321   -0.72513
  -0.43986   -0.11265   -0.17468   -0.06670   -0.28177    0.44861   -1.00178
   0.01459   -0.13099   -0.16472   -0.06499   -0.28799    0.28432   -0.57171
   0.21391    0.15218    0.14663    0.21576    0.03083    0.55377   -0.60386
  -0.02462   -0.07632   -0.09945   -0.04104   -0.20155    0.56715   -0.65658
   0.32170    0.34741    0.35457    0.40159    0.30210    0.21762   -0.54248
  -0.26891   -0.17613   -0.24882   -0.11742   -0.34885    0.46541   -0.76374
   0.43043   -0.04051   -0.02292    0.03056   -0.14814    0.13612   -0.44236
   0.42654    0.06582    0.09716    0.12600   -0.02082    0.10308   -0.42201
  -0.34542   -0.01913   -0.08884    0.02981   -0.16881    0.41051   -0.89289
  -0.36707    0.06629    0.08611    0.08720   -0.07260   -0.34639   -0.91697
  -0.34068   -0.17297   -0.23536   -0.10602   -0.35422    0.34195   -0.63141
   0.06351    0.02775   -0.06111    0.07697   -0.11909    0.48690   -0.60051
  -0.41618   -0.10514   -0.15517   -0.02370   -0.27792    0.25535   -0.54127
  -0.22896    0.09569    0.03210    0.15435   -0.07082    0.60949   -0.79641
   0.46565   -0.24243   -0.22085   -0.18407   -0.37637   -0.23011   -0.49666
   0.40691    0.09985    0.10693    0.16684   -0.02304    0.61299   -0.86934
   0.01846   -0.15647   -0.20093   -0.10020   -0.33676    0.23243   -0.42396
   0.03695   -0.30196   -0.43085   -0.25367   -0.58609    0.43202   -0.82011
   0.66199   -0.00065    0.00256    0.06935   -0.11378    0.05824   -0.38668
   0.26574    0.02458    0.03017    0.06246   -0.08288    0.23162   -0.50423
  -0.51684   -0.12914   -0.20824   -0.08952   -0.33083    0.43598   -0.97075
   0.78505   -0.29832   -0.34765   -0.22093   -0.49062   -0.15249   -0.25397
   0.04953   -0.37657   -0.35082   -0.32766   -0.51318   -0.17495   -0.52973
  -0.06801    0.51139    0.50565    0.53256    0.45125    0.32269   -0.71266
   0.36946    0.13218    0.13993    0.19850    0.04462    0.45124   -0.58355
  -0.09566   -0.36352   -0.31862   -0.30714   -0.45840   -0.23623   -0.44362
  -0.43076   -0.58416   -0.61293   -0.56316   -0.71706   -0.19824   -0.40359
   0.20541    0.02814    0.02756    0.07825   -0.09198    0.42784   -0.67122
  -0.31689   -0.05666   -0.08453    0.00913   -0.17960    0.03361   -0.67533
   0.73407   -0.11270   -0.10858   -0.03159   -0.27817    0.19634   -0.30371
   0.29085   -0.31279   -0.30910   -0.23949   -0.51592    0.08314   -0.52060
  -0.06930    0.00220   -0.04328    0.07580   -0.12670    0.30231   -0.69620
   0.44403    0.19071    0.18977    0.24851    0.06142    0.60900   -0.60691
   0.75261   -0.14199   -0.12719   -0.06579   -0.30495    0.14584   -0.31161
  -0.04047    0.18916    0.16966    0.20732    0.05996    0.30160   -1.05584
  -0.00678    0.14714    0.10718    0.12903    0.00030    0.29771   -1.11021
   0.85585   -0.01477   -0.01227    0.00370   -0.15378   -0.87445   -0.57518
   0.06897    0.59240    0.61680    0.53013    0.55791   -0.94083   -0.79470
  -0.40629   -0.17101   -0.24703   -0.12772   -0.40051    0.32771   -0.40640
   0.45120   -0.01095    0.00023    0.03938   -0.09288    0.25104   -0.51897
  -0.23192    0.02046   -0.04939    0.02439   -0.16045    0.18801   -0.66002
  -0.45778   -0.02454   -0.09602    0.02273   -0.20014    0.46162   -1.00522
  -0.40496   -0.10463   -0.17826   -0.04216   -0.28918    0.45050   -0.58482
   0.02434   -0.09717   -0.08153   -0.04017   -0.18860    0.65423   -0.53602
   0.25048   -0.36098   -0.35895   -0.32508   -0.47715   -0.74555   -0.66720
   0.89434   -0.25519   -0.26609   -0.18727   -0.42605   -0.13250   -0.32998
  -0.55458    0.22745    0.23896    0.29843    0.16427    0.21040   -0.54502
  -0.04012   -0.21253   -0.27848   -0.13686   -0.41239    0.28548   -0.64894
   0.22325   -0.26632   -0.26238   -0.20880   -0.41642    0.38845   -0.52617
   0.15557   -0.46893   -0.43197   -0.39976   -0.64822   -0.23552   -0.20572
   0.50599    0.63423    0.63487    0.65069    0.59628    0.29136   -0.42490
   0.62709    0.25897    0.27240    0.31959    0.18996    0.26345   -0.38954
   0.62093   -0.20066   -0.20582   -0.11276   -0.36979    0.38233   -0.29009
   0.42294    0.46584    0.49722    0.51968    0.40360    0.88953   -0.47243
   0.05999   -0.27234   -0.29020   -0.21131   -0.45464   -0.31927   -0.40591
   0.22467    0.06883    0.06002    0.10918   -0.04748    0.45523   -0.69631
  -0.54237    0.45091    0.45075    0.48236    0.39725    0.17048   -0.65238
   0.37405   -0.20497   -0.18524   -0.17941   -0.32513   -0.78407   -0.84554
  -0.26801    0.03572    0.03697    0.10710   -0.10385   -0.52625   -0.63598
  -0.56012    0.48687    0.48838    0.48964    0.42518   -0.06568   -0.66854
   0.19854    0.26826    0.23670    0.30806    0.16004    0.73426   -0.68914
   0.45106    0.28399    0.31321    0.35577    0.25014    0.26380   -0.49258
   0.13084   -0.21372   -0.27644   -0.15488   -0.40808    0.39174   -0.63449
   0.11527    0.37837    0.38055    0.43354    0.31030    0.50845   -0.62073
  -0.41069    0.06450    0.03882    0.14100   -0.06019    0.04106   -0.71961
   0.77642   -0.09952   -0.06840   -0.04104   -0.21422   -0.75115   -0.58183
  -0.64284   -0.46554   -0.53058   -0.42510   -0.69744   -0.15887   -0.39393
  -0.37283   -0.24080   -0.33714   -0.18969   -0.41029    0.41217   -0.69832
  -0.13423    0.05895    0.00222    0.07413   -0.13497   -0.47928   -1.00020
  -0.17235    0.34801    0.30026    0.40168    0.25061    0.49202   -0.87597
  -0.22261   -0.43604   -0.43769   -0.35957   -0.63990   -0.30010   -0.44879
  -0.27357   -0.03931   -0.05322    0.02754   -0.20597    0.07965   -0.65818
  -0.53776    0.17478    0.09175    0.22606    0.02541    0.13834   -0.51907
  -0.10857    0.01831    0.02982    0.08334   -0.13300   -0.38603   -0.60073
  -0.07049    0.09872    0.03579    0.13123   -0.05362    0.36820   -0.89065
  -0.52576    0.00327   -0.02797    0.07649   -0.12621    0.06687   -0.72245
  -0.03420   -0.08688   -0.08382   -0.02333   -0.26274   -0.34297   -0.39608
   0.65275    0.01169    0.00465    0.05150   -0.11121    0.12352   -0.34606
  -0.54918    0.23578    0.23836    0.29450    0.14001    0.25779   -0.76327
   0.11689   -0.12456   -0.11802   -0.05502   -0.27646   -0.04160   -0.52189
  -0.14865    0.07543    0.01507    0.09840   -0.06912    0.19802   -0.82603
   0.20097   -0.22211   -0.20385   -0.16546   -0.34991   -0.18138   -0.35936
   0.62734    0.04867    0.05957    0.11916   -0.05366    0.11295   -0.29454
   0.10624    0.06782    0.06921    0.10833   -0.02605    0.39002   -0.49057
  -0.09254   -0.09219   -0.14787   -0.03633   -0.30371    0.04457   -0.67163
   0.60191    0.03909    0.04967    0.10085   -0.09882    0.78248   -0.41803
  -0.39331    0.24245    0.22552    0.27585    0.14851   -0.13991   -0.77096
   0.78007   -0.21627   -0.19410   -0.17145   -0.33675   -0.38165   -0.59110
   0.08267   -0.15281   -0.14530   -0.10181   -0.30071   -0.22873   -0.53002
   0.25567   -0.10301   -0.07749   -0.03706   -0.19002    0.25881   -0.40196
  -0.17476    0.05671    0.01252    0.12383   -0.11147    0.04305   -0.72639
  -0.12506   -0.18764   -0.24416   -0.13257   -0.40756    0.43899   -0.72845
   0.43839    0.55295    0.59150    0.58738    0.52681    0.87370   -0.39627
   0.56515   -0.02665   -0.01805    0.03978   -0.13878    0.04815   -0.37463
   0.05409   -0.07216   -0.09153   -0.00972   -0.24938    0.08899   -0.50582
   0.23361    0.20242    0.22155    0.27152    0.12313    0.46951   -0.48306
  -0.48733    0.26841    0.24026    0.30979    0.16003    0.11953   -0.69215
   0.22027    0.45378    0.50317    0.51669    0.44580   -0.32945   -0.46859
   0.17041   -0.05219   -0.06692    0.01601   -0.18737    0.36354   -0.45686
   0.21839    0.21307    0.20820    0.26384    0.13962    0.66747   -0.72439
  -0.39984   -0.03235   -0.05564    0.01583   -0.15724   -0.08109   -0.73500
  -0.25046   -0.11074   -0.17800   -0.05078   -0.29426    0.50129   -0.77184
  -0.64047    0.33985    0.33926    0.38263    0.28675    0.03750   -0.77746
   0.06564    0.00546   -0.02673    0.08191   -0.12582    0.26066   -0.47747
  -0.47679   -0.13435   -0.19856   -0.09235   -0.29095   -0.27421   -0.77000
  -0.35363   -0.02047   -0.05327    0.04919   -0.16021    0.01902   -0.75816
  -0.39498   -0.16960   -0.18279   -0.08774   -0.31888   -0.12191   -0.62161
   0.46179    0.21381    0.20946    0.19782    0.08569    0.68687   -0.83315
   0.48515   -0.09066   -0.08322   -0.01661   -0.21946    0.11039   -0.55629
   0.22160   -0.04490   -0.00499   -0.00822   -0.13551   -0.42307   -0.54934
   0.85486   -0.45411   -0.47271   -0.38913   -0.60910   -0.19164   -0.22799
   0.64977   -0.30820   -0.30844   -0.23214   -0.52188   -0.04505   -0.21439
   0.34191    0.06426    0.07222    0.14239   -0.04561    0.12401   -0.51841
  -0.36953   -0.11234   -0.17768   -0.07928   -0.29972    0.27291   -0.43246
   0.30077    0.03837    0.03436    0.10566   -0.06229    0.39883   -0.51551
  -0.13490   -0.10398   -0.13725   -0.03333   -0.29690    0.00898   -0.54152
   0.24406    0.15381    0.13492    0.20168    0.04057    0.66063   -0.77976
  -0.49085   -0.15035   -0.23164   -0.09500   -0.32841    0.44116   -0.89067
   0.14971   -0.01028   -0.01262    0.03477   -0.09823    0.69733   -0.60365
  -0.16251    0.05566   -0.01164    0.11433   -0.08310    0.50502   -0.82159
   0.27343   -0.22430   -0.22119   -0.14731   -0.41319    0.05329   -0.42972
  -0.20992   -0.15633   -0.17587   -0.09301   -0.31342   -0.04072   -0.53862
   0.20770    0.39215    0.37897    0.44004    0.32678    0.40066   -0.62253
  -0.29552    0.11295    0.08202    0.13797   -0.02737    0.26406   -0.86685
   0.02231   -0.32016   -0.29096   -0.25380   -0.47949   -0.15681   -0.43428
   0.37608    0.27368    0.29810    0.31995    0.20976    0.82642   -0.40296
   0.05742   -0.09622   -0.13693   -0.05249   -0.23171    0.28137   -0.80295
   0.91654   -0.09844   -0.04982   -0.02552   -0.20076   -0.97689   -0.38335
   0.56461    0.04056    0.04954    0.11000   -0.06853    0.09077   -0.37974
  -0.49792    0.05194   -0.03310    0.11732   -0.12265    0.13837   -0.54449
  -0.18107    0.61134    0.61875    0.66495    0.55959   -0.71605   -0.76841
   0.94860    0.12000    0.12948    0.14832    0.01238   -0.19870   -0.60106
  -0.57084    0.28918    0.26958    0.32936    0.23386    0.13621   -0.66291
   0.53332    0.22210    0.24686    0.27059    0.12838    0.85620   -0.53259
   0.46026    0.48349    0.50671    0.53306    0.49103    0.28765   -0.62042
   0.42882   -0.07662   -0.06324   -0.01506   -0.19507    0.21181   -0.52304
  -0.42507   -0.17277   -0.24962   -0.11548   -0.37441    0.45846   -0.69834
   0.18220   -0.02186   -0.03785    0.03564   -0.16439    0.09594   -0.55180
   0.32036    0.72469    0.73440    0.41889    0.73068    0.77527   -0.97797
   0.18882   -0.01779   -0.01863    0.05562   -0.13648    0.14402   -0.46214
   0.27853    0.10777    0.12981    0.16081    0.02419    0.45611   -0.50309
   0.65073   -0.18586   -0.18106   -0.09866   -0.33709    0.38276   -0.39426
   0.91931    0.08569    0.10519    0.13574   -0.00588   -0.87324   -0.52131
  -0.07950   -0.11147   -0.13924   -0.04037   -0.24933    0.28777   -0.62518
  -0.53480    0.17328    0.11888    0.22278    0.03716    0.19491   -0.55247
   0.08198   -0.32385   -0.44441   -0.25234   -0.56333    0.43503   -0.79445
  -0.46208   -0.32031   -0.35908   -0.25314   -0.52209   -0.09445   -0.52567
   0.04940   -0.14854   -0.17216   -0.07330   -0.33615    0.54312   -0.40106
   0.04082   -0.18957   -0.21356   -0.12566   -0.37387    0.24888   -0.38938
   0.00659    0.04841    0.01142    0.10761   -0.08904    0.22422   -0.57165
  -0.24136    0.02723   -0.01910    0.09172   -0.14652    0.04075   -0.75272
  -0.28041    0.03020    0.03451    0.10039   -0.05782    0.42011   -0.89112
   0.34184   -0.21558   -0.19741   -0.14054   -0.37814    0.07545   -0.34879
  -0.18517   -0.13389   -0.25056   -0.10490   -0.36241    0.18155   -0.70203
   0.32995    0.06710    0.06432    0.10885   -0.02167    0.26009   -0.58324
  -0.67727   -0.14302   -0.19761   -0.08472   -0.27753   -0.02317   -0.73966
  -0.14510    0.10116    0.04477    0.15477   -0.06720    0.14744   -0.74426
   0.32494    0.03371    0.05269    0.10098   -0.07218    0.36829   -0.45131
   0.50977    0.14777    0.15097    0.19468    0.05411    0.25220   -0.45359
   0.25654    0.19156    0.19124    0.25543    0.08693    0.52747   -0.63280
   0.71115   -0.46775   -0.42019   -0.42341   -0.62803   -0.87487   -0.26957
   0.13524   -0.58061   -0.53523   -0.57359   -0.71986   -0.84368   -0.57224
   0.72929   -0.18666   -0.19981   -0.13862   -0.38220   -0.03630   -0.38115
   0.59445   -0.16294   -0.17657   -0.09060   -0.32613   -0.01179   -0.29307
  -0.89212    0.37964    0.29251    0.41192    0.22886   -0.08000   -1.02443
   0.29461    0.71359    0.72006    0.75902    0.67571    0.56301   -0.57523
   0.26603   -0.34538   -0.31961   -0.26947   -0.55536   -0.01129   -0.41859
   0.50809    0.12425    0.14032    0.17929    0.02420    0.62612   -0.52607
  -0.56833    0.21652    0.21661    0.26559    0.09869    0.36339   -0.69556
  -0.01100    0.02801   -0.06109    0.08244   -0.13295    0.50818   -0.71496
  -0.25982   -0.23748   -0.28416   -0.16141   -0.42857    0.13183   -0.59152
   0.25327   -0.57542   -0.57169   -0.53503   -0.75636   -0.71882   -0.39954
  -0.16911    0.22915    0.18798    0.28158    0.12828    0.52056   -1.12882
  -0.41600   -0.00503   -0.06697    0.01598   -0.16769    0.41411   -0.91723
   0.84340   -0.37060   -0.39428   -0.28854   -0.57939   -0.13631   -0.31907
  -0.45850    0.20933    0.18271    0.21248    0.10512    0.41343   -0.91681
   0.18780    0.11255    0.13330    0.12945    0.00765    0.03115   -0.84640
   0.12078    0.15243    0.11720    0.22493    0.04753    0.17110   -0.59170
  -0.05382   -0.09559   -0.10046   -0.01242   -0.27353    0.08400   -0.45486
   0.09328   -0.07596   -0.10940    0.00230   -0.21563    0.32767   -0.36112
  -0.02126    0.03509   -0.00013    0.11112   -0.10237    0.25680   -0.60185
  -0.02704   -0.04637   -0.03568    0.02834   -0.20857    0.10187   -0.48602
  -0.57567    0.07900    0.03925    0.15009   -0.02065    0.03912   -0.86508
  -0.22067    0.02059   -0.02223    0.01845   -0.15062    0.22729   -0.88813
   0.56497   -0.13282   -0.12746   -0.06895   -0.27628    0.02696   -0.33732
   0.77002   -0.30322   -0.29291   -0.23062   -0.46337   -0.06038   -0.30533
   0.09930    0.26162    0.26556    0.32281    0.16914   -0.30330   -0.65136
   0.46466    0.69932    0.72184    0.71468    0.67501    0.86664   -0.46991
   0.43058   -0.07225   -0.05515   -0.00314   -0.19890    0.11967   -0.47773
   0.80210    0.06370    0.07307    0.14262   -0.07688    0.06528   -0.31078
  -0.35733   -0.18943   -0.21307   -0.11977   -0.33026   -0.10313   -0.69384
  -0.32381   -0.20595   -0.21215   -0.13292   -0.42269   -0.39795   -0.61322
   0.29855    0.18182    0.17368    0.23786    0.08468    0.36261   -0.61395
   0.83274   -0.25398   -0.23170   -0.21839   -0.42173   -0.60125   -0.52113
  -0.19257    0.00045   -0.07189    0.06274   -0.15099    0.52142   -0.91085
   0.35842   -0.08180   -0.06171   -0.00840   -0.20634   -0.02521   -0.50888
  -0.12682   -0.17391   -0.21587   -0.10419   -0.37684   -0.01435   -0.58161
  -0.03210   -0.05359   -0.12302   -0.01049   -0.22556    0.22128   -0.61764
  -0.43991   -0.34586   -0.41229   -0.30274   -0.54866    0.50063   -0.54998
   0.12739   -0.04705   -0.08338   -0.00510   -0.17555    0.63451   -0.78839
   0.02143   -0.02535   -0.00474    0.04921   -0.12856   -0.05494   -0.53999
  -0.43902    0.48601    0.45594    0.49620    0.38327   -0.36458   -1.13908
   0.98772   -0.35110   -0.33835   -0.29113   -0.50824   -0.11753   -0.32542
   0.50511    0.15921    0.19499    0.22380    0.12604   -0.38448   -0.63544
  -0.23981    0.13379    0.08104    0.20434   -0.00807    0.31978   -0.67555
  -0.52784   -0.51553   -0.52446   -0.48068   -0.69953   -0.29018   -0.47650
  -0.44687   -0.10014   -0.13026   -0.01781   -0.25041    0.13287   -0.58214
  -0.39357   -0.09440   -0.13013   -0.03038   -0.22436   -0.15820   -0.76675
   0.35427    0.45358    0.44731    0.50230    0.34245    0.70395   -0.65300
   0.44175   -0.18171   -0.18673   -0.15950   -0.34595   -0.04256   -0.65361
  -0.25262    0.03798   -0.01479    0.11406   -0.11785    0.33040   -0.70027
   0.26992   -0.14759   -0.11475   -0.08278   -0.26477   -0.16104   -0.54648
   0.41714   -0.28153   -0.26749   -0.21796   -0.42417   -0.04488   -0.56135
   0.56498   -0.05135   -0.04769    0.02203   -0.20030    0.13532   -0.32025
   0.70452   -0.02011   -0.02635    0.05125   -0.14683    0.21856   -0.37422
   0.17621    0.25318    0.29003    0.31355    0.19440   -0.87629   -0.50209
   0.93574   -0.25189   -0.26808   -0.20439   -0.42178   -0.12157   -0.35173
  -0.39165   -0.05775   -0.09563    0.01286   -0.22478   -0.10271   -0.78233
   0.19452   -0.27179   -0.22239   -0.19782   -0.38545   -0.28995   -0.37973
   0.11794   -0.15664   -0.23061   -0.09832   -0.34646    0.43184   -0.69754
   0.60187   -0.07801   -0.08014    0.00444   -0.22389    0.23602   -0.39190
  -0.18303    0.14020    0.07557    0.18793    0.04103    0.38692   -1.01350
  -0.38092    0.16687    0.17213    0.20880    0.07657    0.43277   -0.93185
   0.50953    0.39777    0.43814    0.46139    0.38575    0.26893   -0.31177
  -0.40624   -0.23328   -0.29926   -0.19655   -0.42216    0.49555   -0.78687
  -0.17560    0.41298    0.38202    0.45990    0.33096    0.47860   -0.94547
  -0.51412   -0.03598   -0.09521    0.01305   -0.20011    0.40058   -1.00028
  -0.62761    0.25378    0.27409    0.31656    0.23379    0.00517   -0.80080
   0.08600   -0.39748   -0.37697   -0.33291   -0.52224   -0.19049   -0.48728
  -0.48077   -0.14325   -0.21581   -0.09279   -0.31308    0.44819   -0.75169
   0.41748   -0.63693   -0.59745   -0.59045   -0.86022   -0.14352   -0.30061
  -0.56005    0.53465    0.53198    0.57682    0.46536    0.50411   -0.73468
  -0.31976   -0.46290   -0.48242   -0.38122   -0.63386   -0.11639   -0.55013
   0.64121   -0.11661   -0.13570   -0.04561   -0.25716    0.05972   -0.34894
  -0.09363   -0.09798   -0.01126   -0.03203   -0.12435   -0.36696   -0.24751
   0.23686   -0.21438   -0.21021   -0.13940   -0.38200   -0.04119   -0.43117
  -0.26988   -0.10490   -0.16743   -0.04582   -0.27581    0.27635   -0.62552
   0.58584   -0.19274   -0.13167   -0.17924   -0.27422   -0.51761   -0.30758
  -0.09046   -0.11658   -0.17582   -0.05030   -0.31732    0.48075   -0.36176
   0.54778    0.07016    0.09051    0.13619   -0.03894    0.23278   -0.37699
  -0.56606    0.00643   -0.05411    0.03691   -0.13247    0.16145   -0.41935
   0.50106   -0.11733   -0.14334   -0.14076   -0.29868   -0.03722   -0.53553
   0.14114    0.07343    0.05562    0.15071   -0.03795    0.24728   -0.51391
   0.10170   -0.22229   -0.18002   -0.16109   -0.35868   -0.11700   -0.48803
   0.44661   -0.09868   -0.07896   -0.04104   -0.23823   -0.62490   -0.37118
   0.15752   -0.04186   -0.08998    0.01964   -0.22021    0.43950   -0.50363
   0.46950   -0.26077   -0.22564   -0.21205   -0.39208   -0.18364   -0.43061
   0.06487   -0.31664   -0.30347   -0.25851   -0.44666   -0.15910   -0.54711
   0.91930   -0.31180   -0.33185   -0.24422   -0.50523   -0.00624   -0.29943
  -0.32918    0.03339   -0.01131    0.03580   -0.11424    0.44751   -1.09881
   0.95094   -0.14522   -0.13377   -0.10349   -0.27826   -0.09877   -0.38505
   0.19648   -0.24518   -0.22012   -0.18092   -0.39513   -0.23605   -0.37084
  -0.40185    0.07537    0.04346    0.15420   -0.04903    0.00239   -0.66058
  -0.05991   -0.00149   -0.05097    0.02589   -0.16335    0.69439   -0.98292
  -0.25582    0.41645    0.43360    0.46558    0.38388    0.40067   -0.78958
  -0.54921   -0.09155   -0.14126   -0.04438   -0.21723    0.16273   -0.47412
   0.37663   -0.26077   -0.24683   -0.19978   -0.41746    0.62575   -0.47103
   0.80079   -0.45077   -0.41449   -0.38364   -0.63150   -0.49185   -0.31416
   0.19888    0.13197    0.09730    0.14038   -0.03818    0.49007   -0.78159
   0.20842   -0.52081   -0.46554   -0.47169   -0.64691   -0.83415   -0.37565
  -0.19250    0.00965   -0.06366    0.07371   -0.14622    0.50524   -0.73934
   0.07745   -0.12409   -0.15902   -0.05126   -0.26436    0.20256   -0.50182
   0.25564    0.73594    0.69669    0.77139    0.65159    0.73420   -0.55513
   0.11246    0.02585    0.02263    0.10167   -0.08093    0.29458   -0.45561
   0.15220   -0.00069   -0.03614    0.04825   -0.15007    0.56700   -0.63766
   0.01096   -0.11491   -0.21515   -0.04303   -0.31555    0.37578   -0.53295
   0.35621   -0.32233   -0.29838   -0.26154   -0.46220   -0.27520   -0.47770
   0.36754   -0.03744   -0.03419    0.02147   -0.17078    0.11568   -0.48540
   0.30639    0.08510    0.07289    0.14636   -0.04818    0.64649   -0.90205
   0.31069    0.52214    0.53387    0.54716    0.49546    0.76340   -0.55928
  -0.16266    0.37824    0.35631    0.37760    0.25942    0.60372   -1.32747
  -0.00316    0.01238   -0.07327    0.07911   -0.13991    0.48833   -0.71480
   0.74970   -0.15087   -0.14474   -0.07021   -0.33429    0.12547   -0.28119
  -0.05976   -0.06272   -0.10248    0.01113   -0.18398    0.31226   -0.85809
   0.24071   -0.09786   -0.10072   -0.01235   -0.24296    0.11870   -0.38452
  -0.51508   -0.12454   -0.18210   -0.04527   -0.31128    0.35703   -0.52410
   0.47282    0.25742    0.25471    0.31122    0.19390    0.28663   -0.44270
   0.21012    0.08335    0.06386    0.14132   -0.03094    0.63208   -0.63691
   0.14943   -0.12411   -0.08474   -0.08662   -0.18714    0.65117   -0.74105
   0.72601   -0.16529   -0.17481   -0.12818   -0.32919   -0.00285   -0.24162
  -0.04893    0.19000    0.12790    0.25152    0.07059    0.57022   -0.93263
   0.04955   -0.27081   -0.25239   -0.22463   -0.37620   -0.19037   -0.57123
   0.37280    0.02802    0.02817    0.10068   -0.08874    0.37099   -0.60188
   0.73300   -0.21526   -0.22864   -0.15311   -0.41861    0.25231   -0.28976
  -0.26920    0.00155   -0.08659    0.04685   -0.14063    0.43032   -1.05252
   0.05362    0.00371   -0.06910    0.04469   -0.14224    0.59264   -0.87358
  -0.24935   -0.10705   -0.12430   -0.06362   -0.28183   -0.26705   -0.56455
  -0.30494    0.32885    0.30224    0.33822    0.21525    0.48908   -1.06027
  -0.18845   -0.07934   -0.13173   -0.00548   -0.24285    0.27116   -0.61325
   0.92285    0.14996    0.14435    0.13466    0.04021   -0.05419   -0.65947
  -0.28392   -0.30066   -0.34283   -0.22668   -0.43696   -0.13505   -0.68036
   0.39734   -0.10460   -0.08130   -0.04104   -0.24594    0.00389   -0.49609
  -0.13309    0.21913    0.20092    0.26485    0.12254   -0.21105   -0.96330
   0.53993   -0.14056   -0.12143   -0.08015   -0.26008    0.04418   -0.50452
  -0.14955    0.11546    0.11001    0.18588   -0.01021   -0.03621   -0.59114
  -0.69074    0.04010    0.00594    0.07688   -0.04994   -0.00274   -0.91548
  -0.04572   -0.08831   -0.17880   -0.03242   -0.26221    0.40290   -0.96500
   0.62430   -0.13022   -0.13235   -0.06603   -0.27852    0.14721   -0.30152
   0.44655    0.14168    0.13961    0.21383    0.02971    0.33951   -0.57009
  -0.53652   -0.12737   -0.15533   -0.04476   -0.32307    0.36204   -0.44888
  -0.69232    0.24480    0.25013    0.32378    0.12726    0.50168   -0.66949
   0.09823   -0.19408   -0.29028   -0.14342   -0.40394    0.43021   -0.64325
   0.79735   -0.34675   -0.36020   -0.27868   -0.53582   -0.23087   -0.28657
   0.02836    0.03320   -0.00195    0.11013   -0.09356    0.57899   -0.74563
   0.45451    0.29590    0.30874    0.33231    0.20139    0.80217   -0.46054
  -0.80933    0.20285    0.20422    0.25222    0.09191    0.54664   -0.76664
  -0.06256    0.03329   -0.02153    0.04840   -0.14941    0.50240   -0.73624
   0.28119   -0.10116   -0.08401   -0.03030   -0.19650    0.34858   -0.38042
  -0.12326   -0.00685   -0.04874    0.04830   -0.13213    0.33422   -0.73404
   0.78116   -0.35500   -0.33270   -0.29178   -0.51897   -0.72448   -0.33536
  -0.58337    0.06993    0.00383    0.05818   -0.08895   -0.07452   -0.83481
   0.85761   -0.37948   -0.35035   -0.31967   -0.53532   -0.67329   -0.41328
  -0.23774    0.12307    0.07721    0.17730   -0.00446    0.48716   -0.89125
   0.16098    0.39911    0.45789    0.46769    0.40747    0.03878   -0.43529
   0.41680   -0.60632   -0.57715   -0.56172   -0.81651   -0.09203   -0.34584
   0.10322   -0.01944   -0.02087    0.06187   -0.14583    0.34632   -0.47343
  -0.04775    0.01960   -0.03760    0.09287   -0.12242    0.55423   -0.55773
  -0.04550    0.07131    0.02315    0.13932   -0.08361    0.45819   -0.82459
   0.64759    0.05575    0.08052    0.12372   -0.00612    0.08425   -0.34509
   0.32357    0.18071    0.16782    0.24569    0.06458    0.58127   -0.73917
   0.16692   -0.25761   -0.22769   -0.17871   -0.40119   -0.00990   -0.39810
   0.42675   -0.01188    0.01067    0.04878   -0.12242    0.07019   -0.47386
   0.67991    0.22842    0.27335    0.30489    0.18847    0.10706   -0.29907
   0.55647    0.12886    0.14418    0.17146    0.00294    0.80837   -0.56218
   0.14004    0.49922    0.44194    0.48892    0.39178    0.20048   -0.67288
   0.39741   -0.00028    0.03744    0.06956   -0.08835    0.06648   -0.46844
  -0.14425   -0.07073   -0.09022    0.00656   -0.19546   -0.13314   -0.67628
  -0.05843   -0.25955   -0.30548   -0.19529   -0.44416    0.28988   -0.65382
   0.12370   -0.13334   -0.17376   -0.05342   -0.29038    0.15590   -0.46436
   0.69826   -0.07142   -0.07759    0.00194   -0.22771    0.24191   -0.34352
  -0.48929   -0.15161   -0.20713   -0.07790   -0.34755    0.18083   -0.40071
   0.18324    0.02505    0.06626    0.05739   -0.05667   -0.84152   -0.64150
  -0.01779   -0.11202   -0.21686   -0.07138   -0.30833    0.63798   -0.63937
  -0.14024    0.09585    0.04225    0.16407   -0.03662    0.55340   -0.68431
  -0.15396   -0.05511   -0.07671    0.02845   -0.21583    0.44152   -0.52451
   0.14674   -0.10731   -0.15022   -0.04569   -0.28974    0.51436   -0.65051
  -0.57729    0.03832   -0.05616    0.09865   -0.09814    0.15217   -0.53496
  -0.16476   -0.01028   -0.07045    0.01138   -0.18368    0.18271   -0.62478
   0.31869   -0.21702   -0.19921   -0.13940   -0.39831    0.14012   -0.52034
   0.76177   -0.19155   -0.18247   -0.11480   -0.36199    0.38546   -0.21006
  -0.60450   -0.23625   -0.24409   -0.22864   -0.43578   -0.25877   -0.65419
   0.59621   -0.12749   -0.15148   -0.04137   -0.28293    0.42980   -0.46086
   0.24415    0.37508    0.38616    0.43041    0.31470   -0.29779   -0.67919
  -0.51085   -0.28124   -0.38642   -0.25715   -0.47879    0.46687   -0.84284
  -0.72982   -0.21123   -0.27259   -0.16391   -0.34884   -0.04411   -0.40836
   0.63425    0.24451    0.22418    0.28092    0.10505    0.73638   -0.71479
   0.34172   -0.13012   -0.11052   -0.05991   -0.27042    0.05927   -0.51912
  -0.07857    0.22641    0.19656    0.28551    0.11928    0.58359   -0.76511
   0.24806    0.29389    0.29463    0.34807    0.20702    0.42869   -0.68001
   0.09310   -0.36716   -0.37209   -0.32489   -0.57598   -0.36662   -0.22847
  -0.06064    0.10968    0.03957    0.13912   -0.06603    0.64513   -0.95885
  -0.09612    0.15884    0.15205    0.16144    0.03635   -0.55981   -0.65125
   0.50689    0.04652    0.07365    0.08621   -0.07808    0.81958   -0.48203
   0.91160   -0.16219   -0.15914   -0.11387   -0.27452   -0.30523   -0.51170
   0.50014    0.11558    0.11486    0.16017   -0.01616    0.75886   -0.49431
   0.44660   -0.22277   -0.21182   -0.15667   -0.39091   -0.05972   -0.49955
   0.84398    0.06129    0.02843    0.09327   -0.11972    0.25692   -0.56820
   0.18055   -0.18804   -0.19235   -0.14613   -0.29878    0.63310   -0.80115
  -0.47586   -0.41020   -0.43769   -0.34830   -0.58123   -0.13932   -0.39862
  -0.07862   -0.07954   -0.15125   -0.00881   -0.27285    0.16973   -0.64851
  -0.06524    0.49911    0.51705    0.53330    0.46182   -0.67478   -0.96497
  -0.57112    0.07825    0.05502    0.14390   -0.01969    0.17700   -0.46239
  -0.11597   -0.05541   -0.12506   -0.00684   -0.21912    0.16623   -0.63401
  -0.42670   -0.04900   -0.08769    0.02256   -0.22451    0.21190   -0.52559
  -0.56569   -0.31928   -0.32847   -0.25287   -0.47537   -0.08758   -0.42028
   0.10816   -0.10342   -0.10852   -0.03234   -0.25328    0.05583   -0.43838
   0.39184   -0.40742   -0.36996   -0.35168   -0.56862   -0.22690   -0.30525
  -0.29678    0.03346    0.00892    0.10018   -0.06571    0.41556   -0.79659
   0.45383    0.57438    0.56331    0.47291    0.48277    0.88102   -0.85551
   0.14856   -0.14005   -0.11478   -0.08200   -0.27879   -0.36228   -0.55129
   0.56544   -0.08624   -0.07876   -0.04320   -0.23969   -0.07897   -0.41031
  -0.34059   -0.06222   -0.07404   -0.02276   -0.23117   -0.49351   -0.61104
  -0.46342   -0.24431   -0.31832   -0.16860   -0.44861    0.51387   -0.55647
   0.06080    0.19744    0.15872    0.19282    0.06281    0.35170   -1.20147
   0.10225    0.56963    0.56119    0.62055    0.51412    0.36236   -0.62450
  -0.44037   -0.12758   -0.20077   -0.06717   -0.30873    0.48161   -0.71067
   0.16507    0.00746   -0.02059    0.07156   -0.12829    0.42574   -0.64569
   0.23609   -0.10328   -0.08479   -0.02446   -0.23984    0.30776   -0.46692
   0.16966    0.23770    0.22852    0.23406    0.13302    0.12758   -0.69694
  -0.11297   -0.01233   -0.02860    0.02094   -0.13457   -0.10898   -0.67564
   0.29270    0.19242    0.18913    0.26337    0.08542    0.51028   -0.70002
  -0.04872   -0.10716   -0.19557   -0.07439   -0.30795    0.62955   -0.74334
  -0.01488   -0.25856   -0.21798   -0.17626   -0.39086   -0.06603   -0.34715
   0.31733   -0.21613   -0.20210   -0.13834   -0.39705    0.09161   -0.41629
   0.26925   -0.18329   -0.17173   -0.11282   -0.33406   -0.04330   -0.49121
   0.39680    0.42371    0.45229    0.48066    0.38109    0.08304   -0.42435
   0.04562   -0.12108   -0.16722   -0.04869   -0.26450    0.29100   -0.64664
   0.78856   -0.25185   -0.24126   -0.17888   -0.46022    0.19987   -0.23771
  -0.48729   -0.23267   -0.27707   -0.15519   -0.42266    0.49229   -0.64515
   0.63276    0.06933    0.07112    0.13727   -0.05305    0.24565   -0.40299
   0.93521   -0.11748   -0.11267   -0.05417   -0.25239   -0.00408   -0.37415
  -0.16935   -0.32848   -0.34522   -0.25473   -0.50208   -0.15365   -0.58664
   0.71156   -0.31553   -0.32526   -0.24599   -0.52666   -0.11620   -0.20500
  -0.01772   -0.15924   -0.15412   -0.09786   -0.28188   -0.10390   -0.49492
  -0.37338    0.10078    0.07914    0.16591   -0.01955    0.05473   -0.73175
   0.12649   -0.32666   -0.30104   -0.24702   -0.46959   -0.14114   -0.31441
   0.65240   -0.10444   -0.07603   -0.03840   -0.24192   -0.76841   -0.36934
   0.02060    0.12958    0.12230    0.17003    0.02656   -0.84229   -0.76936
   0.06282   -0.28090   -0.34215   -0.21332   -0.44856    0.67178   -0.70195
   0.79763   -0.43971   -0.38599   -0.38609   -0.57960   -0.76351   -0.16472
   0.15265    0.00715   -0.00083    0.06220   -0.12407    0.37028   -0.50038
   0.46550    0.08842    0.09467    0.15009   -0.04159    0.71724   -0.54959
  -0.01983   -0.10154   -0.08949   -0.01056   -0.27124    0.08671   -0.49124
   0.67831   -0.42977   -0.51642   -0.41042   -0.65306    0.25504   -0.70430
   0.41666   -0.16805   -0.16509   -0.11368   -0.30701   -0.03068   -0.46075
   0.31682    0.53661    0.49379    0.44074    0.45050    0.77162   -0.72965
   0.30514   -0.33109   -0.30095   -0.26251   -0.48271   -0.22708   -0.33173
   0.28114    0.47223    0.48437    0.53967    0.40067    0.58123   -0.72009
   0.71292   -0.19403   -0.19028   -0.17384   -0.36123   -0.40868   -0.63358
   0.45585   -0.08457   -0.05296   -0.02412   -0.19576    0.07809   -0.44894
  -0.32013   -0.23217   -0.27919   -0.15776   -0.37706   -0.13457   -0.50458
  -0.42785   -0.12340   -0.15458   -0.04535   -0.28416   -0.06037   -0.65155
  -0.02118    0.08531    0.02293    0.14938   -0.05223    0.49307   -0.76034
   0.03831   -0.23554   -0.23549   -0.15121   -0.41141    0.07299   -0.39089
  -0.52227   -0.15333   -0.20561   -0.07444   -0.31699    0.07676   -0.62750
  -0.08971   -0.01534   -0.02357    0.05447   -0.14557   -0.05416   -0.64497
   0.31007   -0.05049   -0.02904   -0.01310   -0.17860   -0.87099   -0.64703
   0.47413    0.07431    0.09348    0.15692   -0.01793    0.37474   -0.41823
   0.37880    0.38082    0.38876    0.40869    0.30996    0.84125   -0.56401
  -0.17692    0.01936   -0.02008    0.08559   -0.11702    0.25940   -0.60675
   0.30247    0.44658    0.45722    0.46310    0.39220    0.76933   -0.81347
  -0.33301   -0.10975   -0.13416   -0.04459   -0.24833    0.43638   -0.76831
   0.38798   -0.19271   -0.19840   -0.11977   -0.34247   -0.04126   -0.46488
   0.31448    0.31603    0.29930    0.38835    0.19185    0.69607   -0.61870
   0.35786   -0.26678   -0.23936   -0.19889   -0.42687   -0.09176   -0.45751
   0.28778    0.27082    0.25388    0.27074    0.16986    0.31884   -0.65984
   0.64273   -0.25003   -0.25812   -0.18820   -0.41086    0.13842   -0.39437
  -0.08289    0.43883    0.42803    0.47515    0.35541    0.42326   -0.70954
  -0.44467   -0.11964   -0.15415   -0.04120   -0.26191   -0.00805   -0.70467
  -0.23788   -0.05418   -0.11837    0.01749   -0.21559    0.30189   -0.59789
   0.38759   -0.71945   -0.66679   -0.69256   -0.89567   -0.20404   -0.16705
   0.39724    0.04162    0.06186    0.11106   -0.05837    0.10128   -0.43279
   0.55697   -0.48239   -0.50416   -0.44672   -0.72828   -0.17100   -0.38271
   0.02100   -0.25747   -0.22552   -0.18829   -0.37631   -0.09765   -0.50136
   0.17410    0.10323    0.11213    0.13333    0.01150   -0.91025   -0.68636
  -0.20487   -0.22917   -0.26638   -0.15380   -0.44270    0.07982   -0.47135
  -0.45772   -0.06875   -0.11341   -0.02046   -0.21907    0.49476   -0.83163
  -0.39403   -0.34128   -0.38016   -0.30590   -0.45913   -0.21338   -0.59108
   0.08798    0.03646    0.07815    0.09132   -0.08199   -0.84864   -0.45874
  -0.42878    0.18632    0.19733    0.22810    0.06569   -0.48806   -0.95904
  -0.42662   -0.30543   -0.31117   -0.29376   -0.46365   -0.45185   -0.64114
   0.11473   -0.57393   -0.52289   -0.48917   -0.76959   -0.57258   -0.16502
  -0.66573   -0.07304   -0.14615   -0.00923   -0.23145   -0.05069   -0.90613
  -0.36864    0.06884    0.01610    0.06922   -0.09584    0.11504   -0.81519
  -0.84979    0.15507    0.18243    0.24914    0.04477    0.49332   -0.43968
  -0.02163   -0.20438   -0.32732   -0.14104   -0.46777    0.38097   -0.36983
   0.44462    0.29514    0.30623    0.35403    0.21420    0.40606   -0.53983
  -0.12894    0.05248    0.02835    0.10569   -0.09209    0.10188   -0.66914
   0.32902   -0.38996   -0.36386   -0.33209   -0.55940   -0.22723   -0.32461
   0.10475   -0.04023   -0.06148    0.00334   -0.16656    0.37886   -0.71522
   0.41808   -0.63072   -0.59367   -0.57746   -0.83340   -0.12460   -0.27376
  -0.00240   -0.15689   -0.23261   -0.09724   -0.33374    0.62446   -0.73852
  -0.11552   -0.17243   -0.23224   -0.09606   -0.35794    0.27603   -0.61771
   0.70786   -0.22907   -0.23158   -0.16318   -0.42249   -0.05953   -0.24254
   0.51295   -0.07260   -0.04563   -0.00106   -0.19112    0.11057   -0.41753
  -0.08715   -0.13108   -0.12152   -0.05632   -0.24010   -0.07147   -0.44288
   0.02898   -0.08704   -0.11181   -0.01506   -0.24099    0.53769   -0.61003
  -0.07120   -0.10693   -0.18265   -0.04434   -0.28757    0.39839   -0.82407
   0.14095    0.09178    0.11129    0.16065    0.00908    0.05530   -0.59198
   0.37893    0.31374    0.32328    0.37151    0.26401    0.18914   -0.50635
   0.53777   -0.17263   -0.17289   -0.10175   -0.30770    0.12732   -0.35206
   0.26322    0.14565    0.14663    0.17971    0.04171    0.54054   -0.67076
  -0.22232    0.04569    0.01008    0.11532   -0.07672    0.54158   -0.80432
   0.29548    0.07417    0.07582    0.14961   -0.03013    0.20158   -0.50320
  -0.42937   -0.38347   -0.39672   -0.31366   -0.53560   -0.16287   -0.45269
   0.12062   -0.03749   -0.01371    0.02577   -0.15680   -0.43621   -0.54096
   0.25174   -0.20917   -0.20808   -0.13333   -0.36321    0.06830   -0.48474
  -0.27902   -0.17505   -0.21476   -0.10625   -0.35653    0.09244   -0.56641
   0.60636    0.21979    0.20089    0.24979    0.09093    0.90823   -0.42614
  -0.10357    0.16398    0.10817    0.22834    0.03818    0.50210   -0.71019
   0.11133   -0.05436   -0.08437   -0.02247   -0.19148    0.40058   -0.83219
   0.47330    0.19209    0.22398    0.25379    0.13757    0.39117   -0.41391
   0.71905   -0.49723   -0.46173   -0.42819   -0.70305   -0.30442   -0.20598
   0.38145    0.15728    0.19391    0.22984    0.12052    0.52093   -0.50032
   0.20998   -0.17558   -0.18422   -0.10250   -0.32088    0.53128   -0.57662
  -0.44350   -0.21558   -0.29351   -0.18461   -0.39752    0.43421   -0.75938
  -0.79959   -0.08561   -0.14397   -0.02863   -0.23348    0.49844   -0.88156
   0.23334    0.04439    0.05036    0.11009   -0.06479    0.39801   -0.59003
   0.66230   -0.04535   -0.04962    0.01035   -0.20338    0.83607   -0.55851
  -0.30613   -0.22143   -0.27738   -0.14910   -0.43366    0.23552   -0.49175
   0.48265    0.05229    0.05310    0.10259   -0.08166    0.62492   -0.64576
   0.01073    0.08044    0.01917    0.14700   -0.07939    0.40069   -0.48858
  -0.01793    0.01943   -0.06474    0.06931   -0.15591    0.41587   -0.73557
   0.25387    0.16452    0.16495    0.22481    0.06004    0.16691   -0.48549
   0.51504    0.00480   -0.02234    0.06291   -0.11965   -0.00909   -0.40803
   0.72347    0.23019    0.20874    0.26855    0.11107    0.04627   -0.37246
   0.15667   -0.02620   -0.03980    0.04383   -0.14666    0.50327   -0.52719
   0.17892    0.21333    0.20669    0.25309    0.10468    0.72119   -0.82341
  -0.36216    0.17356    0.17734    0.21464    0.07573    0.08184   -0.72798
   0.08752   -0.39202   -0.32878   -0.36733   -0.55019   -0.44176   -0.25567
  -0.14979    0.21314    0.21438    0.26551    0.11972    0.05809   -0.61185
  -0.34429   -0.13253   -0.10298   -0.05955   -0.18306   -0.01728   -0.47198
   0.28079   -0.00203    0.01468    0.05763   -0.10910    0.44314   -0.60620
   0.20709    0.15032    0.18938    0.19538    0.05047   -0.97180   -0.52934
  -0.00372   -0.32581   -0.37587   -0.28472   -0.47609    0.46958   -0.88081
   0.59133   -0.23337   -0.26059   -0.13855   -0.44033    0.35706   -0.34514
  -0.43880    0.02510    0.00802    0.08736   -0.11052   -0.10874   -0.72540
   0.59433    0.00447    0.01662    0.07050   -0.10529    0.09523   -0.39832
  -0.74882   -0.12730   -0.13325   -0.05668   -0.24723   -0.03773   -0.70013
  -0.42034   -0.14626   -0.21859   -0.10268   -0.36274    0.30417   -0.23494
   0.57174    0.19747    0.20504    0.25556    0.10578    0.26242   -0.38275
   0.82173   -0.03676   -0.04791    0.03248   -0.15435   -0.18927   -0.38874
   0.15158   -0.01571   -0.04599    0.05398   -0.14912    0.49091   -0.45078
   0.98980   -0.37905   -0.35502   -0.30537   -0.54624   -0.20268   -0.30983
  -0.41099   -0.19324   -0.26572   -0.14393   -0.40951    0.36037   -0.22637
   0.59307   -0.04780   -0.03082    0.01228   -0.20783    0.83145   -0.52502
   0.86410   -0.23490   -0.22131   -0.16270   -0.36168   -0.73244   -0.37662
  -0.51236   -0.42500   -0.44300   -0.36269   -0.56624   -0.16316   -0.54165
   0.54311    0.16850    0.16362    0.22387    0.07582    0.25475   -0.45384
  -0.35643   -0.13698   -0.20930   -0.09500   -0.33048    0.50532   -0.97058
  -0.04948   -0.16307   -0.15886   -0.09334   -0.29754   -0.04654   -0.46750
   0.99465   -0.15745   -0.17481   -0.07800   -0.32048    0.00425   -0.31188
   0.12704    0.14550    0.15746    0.20411    0.08476    0.66790   -0.75072
   0.23618   -0.17207   -0.16160   -0.09769   -0.32887   -0.00349   -0.37696
  -0.03559   -0.21081   -0.26088   -0.16213   -0.38056    0.23789   -0.59176
   0.72078   -0.10842   -0.08477   -0.06056   -0.20811   -0.90851   -0.46928
   0.30941    0.07193    0.08828    0.13675   -0.02716    0.15690   -0.52790
  -0.47366   -0.37301   -0.39889   -0.34238   -0.49658   -0.19794   -0.65351
  -0.14436   -0.07700   -0.11040   -0.00947   -0.24321    0.11391   -0.38527
  -0.46038   -0.12036   -0.17808   -0.05745   -0.29825    0.37726   -0.59032
  -0.61064   -0.29547   -0.30928   -0.21428   -0.48971    0.46334   -0.35918
   0.59164   -0.03646   -0.04500    0.04772   -0.19691    0.39143   -0.45716
  -0.37385    0.00592   -0.00797    0.07088   -0.12175    0.32775   -0.66156
   0.33437    0.67248    0.69133    0.73398    0.64212    0.82094   -0.66974
   0.72432   -0.05186   -0.04399    0.02147   -0.17184    0.09278   -0.36291
  -0.15180   -0.04462   -0.10406    0.03262   -0.22014    0.25983   -0.64194
  -0.28525   -0.17703   -0.25029   -0.13305   -0.35196    0.43896   -0.74555
   0.67475   -0.01467   -0.00055    0.05353   -0.15813    0.89991   -0.45496
   0.22873   -0.24563   -0.18110   -0.19053   -0.31451   -0.34320   -0.50925
   0.29545   -0.27476   -0.29377   -0.19290   -0.46254    0.10255   -0.52519
   0.25937    0.03676    0.06998    0.09915   -0.03449    0.33385   -0.47321
   0.03261   -0.13949   -0.24248   -0.07399   -0.35963    0.40991   -0.65640
   0.18625    0.02196    0.00872    0.08693   -0.12282    0.43504   -0.63679
   0.08152   -0.25882   -0.26890   -0.16752   -0.47898    0.09187   -0.42325
   0.10666   -0.08433   -0.11799   -0.03116   -0.23207    0.63257   -0.74466
  -0.58921   -0.36437   -0.38298   -0.29326   -0.55352    0.45003   -0.38028
   0.44065    0.08922    0.08984    0.14493   -0.05307    0.74021   -0.57618
   0.53910    0.04524    0.04301    0.10316   -0.06374    0.62491   -0.60240
  -0.40544   -0.25714   -0.34226   -0.22395   -0.46980    0.47298   -0.62901
  -0.40584   -0.06015   -0.08979    0.01655   -0.19267    0.05698   -0.64982
   0.08072    0.44415    0.43441    0.47656    0.37478   -0.89547   -0.74532
   0.24892    0.24561    0.23132    0.30329    0.14940    0.64275   -0.79649
  -0.35078   -0.09871   -0.16439   -0.03861   -0.26589    0.10334   -0.52589
   0.77280   -0.07410   -0.07950    0.00389   -0.23955    0.11246   -0.34865
   0.00682    0.13908    0.14064    0.20195    0.03752    0.25443   -0.61542
  -0.52770   -0.36007   -0.37946   -0.28630   -0.53764   -0.11658   -0.54336
  -0.39735    0.38326    0.38525    0.41559    0.30396    0.19344   -0.66647
  -0.58298    0.01224    0.02570    0.07005   -0.09755   -0.12111   -0.54663
  -0.36898    0.06745    0.05088    0.12734   -0.06558    0.34553   -0.68730
   0.12091   -0.18669   -0.23729   -0.13230   -0.36352    0.62306   -0.73350
  -0.23534    1.00000    1.00000    1.00000    1.00000   -0.78919   -0.80285
   0.71901   -0.03474   -0.01702    0.04593   -0.14246    0.10637   -0.31014
   0.06823   -0.13073   -0.16505   -0.06311   -0.26827    0.56187   -0.74458
   0.02390   -0.16989   -0.26231   -0.09928   -0.37114    0.36614   -0.56257
   0.54918    0.10834    0.10486    0.18583    0.01092    0.44095   -0.52195
   0.04919   -0.34580   -0.30705   -0.28144   -0.48914   -0.11893   -0.41980
   0.14886    0.03432    0.02778    0.06000   -0.05505    0.63975   -0.76636
   0.08729   -0.07567   -0.08809   -0.01143   -0.20516    0.31470   -0.33802
  -0.07568    0.15708    0.12292    0.15568    0.01513   -0.03725   -0.66105
   0.12561   -0.16673   -0.21193   -0.09428   -0.32349    0.14344   -0.34176
  -0.78359   -0.16715   -0.26166   -0.10619   -0.36103   -0.09197   -0.54146
  -0.48561   -0.21092   -0.25009   -0.13087   -0.42929    0.25715   -0.59283
   0.13979   -0.15628   -0.17138   -0.07770   -0.31849    0.11785   -0.39789
   0.72376    0.08150    0.09183    0.08646   -0.04521   -0.53881   -0.40767
   0.23416    0.53644    0.54369    0.58578    0.48749    0.41080   -0.61319
   0.06366    0.12552    0.11516    0.20093    0.00986    0.24692   -0.46458
   0.28545   -0.04019   -0.04239   -0.00871   -0.19771    0.03663   -0.57938
  -0.12884   -0.00723   -0.09050    0.06211   -0.17328    0.41219   -0.58814
   0.59464   -0.13162   -0.11224   -0.05165   -0.25533    0.10802   -0.33888
   0.23693   -0.32671   -0.29908   -0.25783   -0.47354   -0.16037   -0.40131
   0.65032    0.03571    0.02764    0.08679   -0.10613    0.86960   -0.55559
  -0.04057   -0.19317   -0.26980   -0.11761   -0.38642    0.52242   -0.49521
   0.90009   -0.44011   -0.41162   -0.37210   -0.63846   -0.34905   -0.19460
   0.72351    0.38243    0.42932    0.42927    0.36022   -0.95990   -0.44978
  -0.05875   -0.20505   -0.19716   -0.14768   -0.28241   -0.17289   -0.58107
   0.20997    0.34666    0.33945    0.38653    0.26727    0.75180   -0.62986
   0.76819   -0.05146   -0.01010    0.02267   -0.19462   -0.64299   -0.31157
   0.23554    0.14775    0.18203    0.22472    0.08845    0.33242   -0.51885
   0.30636   -0.15264   -0.12649   -0.09595   -0.23224   -0.43386   -0.58756
  -0.31538   -0.19560   -0.26138   -0.12912   -0.39799    0.08157   -0.61395
   0.04950    0.39439    0.38319    0.43271    0.32532   -0.88569   -0.79613
   0.75226    0.04922    0.06716    0.11387   -0.06539   -0.59123   -0.34225
  -0.39350    0.02388   -0.00137    0.07691   -0.08280   -0.19495   -0.73932
   0.38747   -0.29134   -0.26594   -0.22406   -0.46472   -0.10800   -0.33462
  -0.09547    0.19118    0.17240    0.22168    0.08143    0.33569   -0.78841
  -0.58463   -0.17063   -0.19371   -0.25038   -0.43051    0.47849   -1.19668
   0.59259    0.20456    0.24056    0.26072    0.14547    0.12437   -0.46031
  -0.35386   -0.09766   -0.16431   -0.04362   -0.26730    0.52197   -0.59926
  -0.05177    0.02186   -0.01017    0.08414   -0.10753    0.23926   -0.72344
  -0.80874   -0.07408   -0.10880   -0.02120   -0.22169    0.53091   -0.79335
  -0.59019    0.13631    0.16603    0.20008    0.04944    0.49672   -0.60838
   0.63064    0.25053    0.26229    0.27349    0.15971    0.80651   -0.57753
   0.32719    0.19268    0.20318    0.23735    0.11359    0.73919   -0.67808
  -0.35759   -0.00610   -0.02923    0.06678   -0.13640    0.03457   -0.71056
   0.34900    0.17621    0.21868    0.20484    0.10393   -0.00672   -0.86955
   0.29933   -0.22954   -0.19856   -0.16318   -0.37488   -0.05922   -0.43285
   0.09962   -0.48599   -0.42955   -0.42476   -0.63535   -0.41843   -0.14182
  -0.06416   -0.03907   -0.11968   -0.01538   -0.22220    0.21677   -0.76920
  -0.34621   -0.31314   -0.36721   -0.23132   -0.46577    0.00437   -0.58377
  -0.12084   -0.09029   -0.12143   -0.00836   -0.27071    0.13744   -0.40638
   0.19244    0.09739    0.09157    0.17551   -0.01692    0.21190   -0.46767
  -0.27898    0.06673    0.03922    0.12346   -0.07678    0.01235   -0.80195
   0.28848   -0.29932   -0.28877   -0.22283   -0.47863   -0.01223   -0.42286
   0.58960   -0.12969   -0.13654   -0.05964   -0.29487    0.21711   -0.43381
   0.10140   -0.04925   -0.12572    0.00827   -0.23031    0.48919   -0.50762
   0.03039   -0.11232   -0.10509   -0.04274   -0.24487   -0.44774   -0.61374
   0.02057   -0.11260   -0.13583   -0.03453   -0.25550    0.25469   -0.42093
   0.29775   -0.25122   -0.21482   -0.19850   -0.38577   -0.10690   -0.37147
   0.79899   -0.38281   -0.45034   -0.29947   -0.59329   -0.12564   -0.27649
  -0.51904   -0.21443   -0.27566   -0.14561   -0.40721    0.18404   -0.25830
  -0.51516   -0.13274   -0.15722   -0.04826   -0.29792    0.25706   -0.51238
   0.54656    0.05414    0.04943    0.13556   -0.07123    0.46910   -0.43692
   0.06636    0.01787   -0.05182    0.08255   -0.14600    0.71197   -0.76169
   0.05745   -0.10478   -0.14746   -0.06264   -0.29382    0.53207   -0.69116
   0.52543   -0.21042   -0.22068   -0.15651   -0.41899   -0.09448   -0.33420
   0.51231   -0.40800   -0.37519   -0.35698   -0.56306   -0.30214   -0.41440
   0.09326   -0.19772   -0.23955   -0.11610   -0.36750    0.26065   -0.23408
   0.09055    0.04222    0.01736    0.09708   -0.07574    0.21542   -0.52691
   0.22305   -0.07235   -0.06847   -0.00076   -0.21509    0.17783   -0.39260
   0.34220   -0.09452   -0.06348   -0.04809   -0.24010    0.14030   -0.51795
   0.16369   -0.01378   -0.01731    0.02615   -0.13677   -0.11992   -0.58295
   0.38896    0.03146    0.06604    0.08946   -0.01977    0.26454   -0.54526
  -0.38573   -0.24597   -0.31365   -0.21872   -0.44221    0.48905   -0.77785
  -0.31274    0.14154    0.13682    0.20867    0.05151    0.32728   -0.67357
  -0.58710   -0.06450   -0.11071   -0.04333   -0.20848   -0.00219   -0.80681
   0.41656    0.26302    0.25758    0.33164    0.20095    0.43873   -0.58604
   0.23072   -0.32364   -0.28678   -0.24536   -0.48167   -0.59611   -0.23573
   0.30856    0.35196    0.38545    0.37517    0.32028   -0.83945   -0.81905
   0.28279    0.05990    0.05894    0.12137   -0.04203    0.41382   -0.55986
   0.21605    0.28293    0.29316    0.32404    0.22348    0.69304   -0.67758
  -0.23554    0.22997    0.22938    0.27098    0.13339    0.63776   -0.83992
   0.72676    0.12376    0.14422    0.16791    0.02169   -0.80586   -0.61193
   0.40464    0.05876    0.05432    0.11812   -0.08808    0.65935   -0.73129
   0.43243    0.40569    0.41254    0.45718    0.32279    0.55867   -0.65577
   0.50336    0.09559    0.09220    0.15305   -0.01963    0.38316   -0.52098
  -0.08572    0.05016    0.05504    0.13306   -0.04932    0.01403   -0.62192
  -0.47712   -0.03718   -0.07548   -0.01207   -0.22953    0.01734   -0.85879
  -0.07727   -0.06612   -0.15592   -0.02068   -0.25796    0.66962   -0.93542
   0.07327   -0.03795   -0.10560    0.02203   -0.19507    0.46240   -0.70104
  -0.36035   -0.22427   -0.32342   -0.17213   -0.42178    0.46852   -0.67465
   0.82136   -0.22701   -0.20946   -0.15998   -0.40040    0.26768   -0.40129
  -0.83770   -0.23548   -0.31098   -0.18838   -0.42844   -0.08096   -0.51657
   0.27933    0.51196    0.53709    0.55872    0.48429    0.76883   -0.52758
   0.07164    0.06898    0.01406    0.00605   -0.10106    0.13109   -1.35323
   0.06804   -0.21807   -0.27505   -0.27446   -0.41570    0.58196   -1.08362
  -0.53187    0.23491    0.25533    0.26444    0.13553    0.32946   -0.64380
  -0.45392   -0.10676   -0.15172   -0.02832   -0.27415    0.11870   -0.47063
  -0.23204   -0.01458   -0.05162    0.06335   -0.12193    0.41657   -0.90506
   0.41675   -0.63306   -0.57758   -0.60083   -0.82662   -0.20570   -0.27142
   0.18286   -0.18317   -0.20072   -0.12487   -0.34756    0.11391   -0.49583
   0.39414    0.01404    0.01486    0.00846   -0.11399   -0.34700   -0.66571
   0.07574   -0.38598   -0.35418   -0.31385   -0.57031   -0.54818   -0.18149
  -0.53300    0.17295    0.16447    0.24637    0.05624    0.28842   -0.65086
   0.19663    0.00549   -0.01846    0.05351   -0.12200    0.63781   -0.77857
  -0.39017   -0.10668   -0.15986   -0.03759   -0.28099    0.10118   -0.38763
  -0.60007    0.38763    0.37897    0.44296    0.32578    0.06287   -0.75350
  -0.47604   -0.15870   -0.24056   -0.11824   -0.33532    0.38893   -0.84470
   0.79121   -0.35116   -0.38198   -0.27461   -0.57068   -0.20201   -0.22630
   0.23272    0.00172   -0.00597    0.07684   -0.14088    0.48336   -0.67639
   0.79905    0.07903    0.09058    0.13628   -0.04191    0.14178   -0.41754
   0.33591    0.61736    0.64117    0.65189    0.61858    0.77166   -0.44253
  -0.19066    0.24798    0.17508    0.19936    0.09652    0.65372   -1.59596
   0.80631    0.02142    0.03787    0.05758   -0.06679   -0.81190   -0.66985
   0.08466   -0.06356   -0.06613   -0.06014   -0.21722    0.34270   -0.87660
   0.04162   -0.07539   -0.10359   -0.00930   -0.21740    0.23539   -0.47910
  -0.39408   -0.21157   -0.25205   -0.14011   -0.35704   -0.17673   -0.78000
  -0.12508    0.01111   -0.04253    0.05488   -0.13479    0.21768   -0.85327
   0.44819   -0.28124   -0.24769   -0.20328   -0.43013   -0.54445   -0.19384
   0.39971    0.15125    0.15040    0.19084    0.01685    0.74726   -0.57082
   0.32860   -0.11915   -0.08971   -0.06546   -0.23613   -0.05923   -0.47626
  -0.12719   -0.06696   -0.10254   -0.01395   -0.20665    0.32332   -0.76219
   0.23658   -0.36104   -0.34192   -0.28129   -0.51233   -0.20521   -0.43322
   0.39794   -0.28132   -0.27221   -0.23120   -0.46967   -0.25054   -0.53294
   0.51400   -0.22945   -0.19961   -0.17222   -0.34855   -0.81423   -0.42301
   0.21487    0.05055    0.05269    0.11878   -0.04563    0.35778   -0.47175
   0.34180   -0.20225   -0.18881   -0.12912   -0.35542    0.10774   -0.49041
   0.23534   -0.06924   -0.05753   -0.00381   -0.16842    0.27189   -0.53093
   0.43763   -0.05536   -0.05562    0.00862   -0.17406    0.18876   -0.55428
  -0.72170   -0.03040   -0.08252   -0.01172   -0.17639   -0.06431   -0.79205
  -0.08232    0.09798    0.04872    0.16248   -0.05042    0.24690   -0.74930
  -0.69712    0.32540    0.35859    0.38720    0.26484    0.51900   -0.74317
   0.00847    0.28887    0.28411    0.28767    0.20151    0.68548   -0.79154
   0.21539   -0.02288   -0.05014    0.03994   -0.17957    0.58812   -0.75937
   0.18038    0.31686    0.30428    0.36817    0.22302    0.04075   -0.69921
  -0.82514   -0.07233   -0.10992   -0.02968   -0.25475    0.49854   -0.79113
   0.38700    0.03542    0.04935    0.11027   -0.06590    0.40040   -0.57478
  -0.91322    0.65656    0.67587    0.72899    0.62226    0.54635   -0.67204
  -0.88391   -0.11796   -0.23230   -0.08190   -0.30447   -0.05928   -0.74428
  -0.06895    0.11265    0.11034    0.18284    0.01614    0.33986   -0.70093
